##FastQC	0.10.1
>>Basic Statistics	pass
#Measure	Value	
Filename	NoCL15_fastq-q-filt.txt	
File type	Conventional base calls	
Encoding	Sanger / Illumina 1.9	
Total Sequences	10053889	
Filtered Sequences	0	
Sequence length	50-51	
%GC	47	
>>END_MODULE
>>Per base sequence quality	pass
#Base	Mean	Median	Lower Quartile	Upper Quartile	10th Percentile	90th Percentile
1	32.94725981160126	34.0	31.0	34.0	31.0	34.0
2	33.08439281555625	34.0	33.0	34.0	31.0	34.0
3	33.10979482665862	34.0	33.0	34.0	31.0	34.0
4	36.47306997322131	37.0	37.0	37.0	35.0	37.0
5	36.408627248619915	37.0	37.0	37.0	35.0	37.0
6	36.392189927698624	37.0	37.0	37.0	35.0	37.0
7	36.39140585299877	37.0	37.0	37.0	35.0	37.0
8	36.38867954480102	37.0	37.0	37.0	35.0	37.0
9	38.201447618926366	39.0	38.0	39.0	37.0	39.0
10	38.18363580501038	39.0	38.0	39.0	37.0	39.0
11	38.20894352424221	39.0	38.0	39.0	37.0	39.0
12	38.19810453447417	39.0	38.0	39.0	37.0	39.0
13	38.17721858675782	39.0	38.0	39.0	37.0	39.0
14	39.67205406783385	41.0	39.0	41.0	37.0	41.0
15	39.651545685455645	41.0	39.0	41.0	37.0	41.0
16	39.62825559343255	41.0	39.0	41.0	37.0	41.0
17	39.61076673911956	41.0	39.0	41.0	37.0	41.0
18	39.59646471131718	41.0	39.0	41.0	37.0	41.0
19	39.65354083380073	41.0	39.0	41.0	37.0	41.0
20	39.65446147257047	41.0	39.0	41.0	37.0	41.0
21	39.646290306169085	41.0	39.0	41.0	37.0	41.0
22	39.63179591499369	41.0	39.0	41.0	37.0	41.0
23	39.63135558787251	41.0	39.0	41.0	37.0	41.0
24	39.641447603012125	41.0	39.0	41.0	37.0	41.0
25	39.62906483252401	41.0	39.0	41.0	37.0	41.0
26	39.61017293904876	41.0	39.0	41.0	37.0	41.0
27	39.581492495093194	41.0	39.0	41.0	37.0	41.0
28	39.56816461769172	41.0	39.0	41.0	37.0	41.0
29	39.5600542237934	41.0	39.0	41.0	37.0	41.0
30	39.526293556652554	40.0	39.0	41.0	37.0	41.0
31	39.52346987320031	40.0	39.0	41.0	37.0	41.0
32	39.49119489980444	40.0	39.0	41.0	37.0	41.0
33	39.463829568836495	40.0	39.0	41.0	37.0	41.0
34	39.44741184232291	40.0	39.0	41.0	37.0	41.0
35	39.435870835653745	40.0	39.0	41.0	37.0	41.0
36	39.41314400825392	40.0	39.0	41.0	37.0	41.0
37	39.37704355001333	40.0	39.0	41.0	36.0	41.0
38	39.348762553475574	40.0	39.0	41.0	36.0	41.0
39	39.31999816190531	40.0	39.0	41.0	36.0	41.0
40	39.29420784335296	40.0	39.0	41.0	36.0	41.0
41	39.25586128909917	40.0	39.0	41.0	36.0	41.0
42	39.21849604665419	40.0	39.0	41.0	36.0	41.0
43	39.16886748998323	40.0	39.0	41.0	36.0	41.0
44	39.12497353014341	40.0	38.0	41.0	35.0	41.0
45	39.07724642673099	40.0	38.0	41.0	35.0	41.0
46	39.020478045858674	40.0	38.0	41.0	35.0	41.0
47	38.97069173928616	40.0	38.0	41.0	35.0	41.0
48	38.91019216543966	40.0	38.0	41.0	35.0	41.0
49	38.840829553618505	40.0	38.0	41.0	35.0	41.0
50	38.76956041587489	40.0	38.0	41.0	35.0	41.0
51	37.81678291731834	39.0	36.0	41.0	33.0	41.0
>>END_MODULE
>>Per sequence quality scores	pass
#Quality	Count
27	8.0
28	132.0
29	1389.0
30	8919.0
31	35110.0
32	88731.0
33	160029.0
34	240391.0
35	346007.0
36	514852.0
37	843758.0
38	1836452.0
39	5970351.0
40	7760.0
>>END_MODULE
>>Per base sequence content	fail
#Base	G	A	T	C
1	22.75274819800856	14.208362060156233	16.531953663091556	46.50693607874365
2	23.450031891447324	22.505852070636273	33.6816756080762	20.36244042984021
3	22.8931013660485	25.93200501815765	24.4131002440946	26.761793371699248
4	25.060191730207354	29.655981034681023	18.76130770935601	26.522519525755616
5	25.38168223748582	33.84924419723404	21.15515452849859	19.613919036781546
6	19.370981716627266	36.06672005231011	22.278354177174624	22.283944053888003
7	17.61405959425253	16.905030481239645	42.48361007367398	22.99729985083384
8	21.145041485936435	21.8633903756049	27.310456679997163	29.681111458461494
9	21.446666061262462	21.487615389427912	29.952111068662084	27.113607480647538
10	20.755391271974457	36.74569114498877	22.665666987172823	19.833250595863948
11	25.774981203790894	25.41888019650903	20.454940371830244	28.351198227869833
12	22.323600350073487	22.187175529787527	27.84008257899008	27.649141541148904
13	21.107633076116116	26.204586105933735	29.043855566736415	23.643925251213734
14	22.434194369959723	26.109369220209217	27.66694559687301	23.78949081295805
15	22.676598080603437	25.81894429110964	26.573587593815684	24.93087003447124
16	23.106224845728427	25.794400257907597	26.278335095456544	24.821039800907432
17	23.7767142134177	26.359641863633183	25.828649874913268	24.034994048035852
18	22.864219865736057	26.332899022736505	26.029004282198375	24.773876829329065
19	23.139762135826246	26.189139346973096	25.86032131446846	24.810777202732197
20	23.76106536656515	26.374192231597693	25.780007696608408	24.08473470522875
21	22.844787714834926	26.370261755608432	26.287796097069773	24.497154432486873
22	22.8049511307343	26.304948395467814	26.154160613853477	24.73593985994441
23	23.555316530257134	26.61054125437621	25.961830926712842	23.872311288653815
24	22.85560343862957	26.56616757953067	26.124965175167542	24.453263806672222
25	22.874332509539343	26.45680691322532	25.97756947585158	24.691291101383754
26	23.499374222253696	26.75812315015612	25.863772715214978	23.878729912375203
27	22.839946033712614	26.380707808202448	26.206532849053144	24.572813309031794
28	22.8845574085809	26.231053475923595	26.233092487892	24.651296627603507
29	23.578343711976512	26.504724224695114	25.908125061730274	24.008807001598097
30	22.882379147014653	26.397725298140852	26.165337612141926	24.55455794270257
31	22.977924263934085	26.340682695024782	26.10209840192188	24.57929463911925
32	23.6317309650027	26.612746570008877	25.93382520932944	23.82169725565898
33	22.857990300355958	26.443570278256782	26.192888220748216	24.505551200639044
34	23.067044006553086	26.201472882781978	25.998437022728222	24.733046087936717
35	23.718694389525737	26.487969811062523	25.851162586215352	23.94217321319639
36	23.04353071731745	26.39179724383271	26.09305712446199	24.471614914387853
37	23.128426061135883	26.26478358031029	26.056202347468883	24.550588011084944
38	23.74839729402555	26.50254493296238	25.820063242852353	23.92899453015972
39	23.088535870440126	26.357523090077663	26.122941906466735	24.43099913301548
40	23.062582642273018	26.16684871921013	26.16970334022487	24.600865298291982
41	23.73799830095598	26.407870625983637	25.98478061573984	23.869350457320547
42	23.034698314254314	26.28553985427927	26.267029604166108	24.412732227300303
43	23.19392028298701	26.067097020864267	26.141685073308444	24.597297622840276
44	23.87364730205396	26.351832609252	25.969612355974885	23.80490773271915
45	23.162420034675137	26.2364543710399	26.211598317825075	24.389527276459884
46	23.264688917890382	26.114193224134464	26.02032904878898	24.600788809186177
47	23.877725325990767	26.451366232509628	25.86822870234593	23.802679739153675
48	23.127488278416443	26.29869894127536	26.202238755570107	24.371574024738088
49	23.230105285626287	26.181997831883763	26.03451261496919	24.55338426752076
50	23.83737278181607	26.384267819149386	25.997512007542557	23.78084739149199
51	23.280929321533307	26.207837878086686	26.15125400380985	24.359978796570157
>>END_MODULE
>>Per base GC content	fail
#Base	%GC
1	69.25968427675221
2	43.81247232128753
3	49.65489473774775
4	51.58271125596296
5	44.995601274267365
6	41.65492577051527
7	40.61135944508638
8	50.826152944397926
9	48.56027354191
10	40.588641867838405
11	54.126179431660724
12	49.97274189122239
13	44.75155832732985
14	46.22368518291778
15	47.607468115074674
16	47.92726464663586
17	47.81170826145355
18	47.63809669506512
19	47.95053933855844
20	47.845800071793896
21	47.3419421473218
22	47.540890990678704
23	47.42762781891095
24	47.3088672453018
25	47.5656236109231
26	47.3781041346289
27	47.41275934274441
28	47.5358540361844
29	47.58715071357461
30	47.436937089717226
31	47.55721890305333
32	47.45342822066168
33	47.363541500995
34	47.8000900944898
35	47.66086760272213
36	47.5151456317053
37	47.67901407222082
38	47.677391824185264
39	47.5195350034556
40	47.663447940565
41	47.60734875827652
42	47.44743054155462
43	47.79121790582729
44	47.67855503477311
45	47.551947311135024
46	47.86547772707655
47	47.68040506514444
48	47.49906230315453
49	47.78348955314705
50	47.61822017330806
51	47.64090811810347
>>END_MODULE
>>Per sequence GC content	pass
#GC Content	Count
0	47.0
1	25.5
2	4.0
3	2.5
4	1.0
5	2.5
6	4.0
7	3.5
8	3.0
9	16.5
10	30.0
11	49.5
12	69.0
13	95.0
14	121.0
15	251.5
16	382.0
17	551.5
18	721.0
19	1147.0
20	1573.0
21	2226.5
22	2880.0
23	4497.5
24	6115.0
25	9116.5
26	17310.5
27	22515.5
28	32326.0
29	42165.0
30	61176.0
31	80254.5
32	110344.0
33	140461.5
34	188854.0
35	237358.0
36	305141.0
37	373000.0
38	456571.0
39	540315.5
40	631613.0
41	722967.0
42	812120.0
43	901329.5
44	964433.5
45	1027383.5
46	1059062.0
47	1090613.5
48	1078052.0
49	1065411.0
50	1020723.0
51	975712.5
52	902756.5
53	829569.0
54	745864.0
55	661879.5
56	568100.0
57	474370.0
58	401782.0
59	329156.0
60	272575.0
61	216209.5
62	173479.5
63	130640.5
64	100662.5
65	70926.5
66	56357.0
67	41825.5
68	34070.5
69	26387.5
70	20919.5
71	15479.5
72	11544.0
73	7656.5
74	5799.5
75	2821.0
76	1662.0
77	1041.5
78	421.0
79	328.5
80	236.0
81	137.5
82	39.0
83	20.0
84	1.0
85	1.0
86	1.0
87	1.0
88	1.0
89	0.5
90	0.0
91	0.0
92	0.0
93	0.0
94	0.0
95	0.0
96	0.0
97	0.0
98	0.0
99	0.0
100	0.0
>>END_MODULE
>>Per base N content	pass
#Base	N-Count
1	0.03737857062078167
2	0.0103144166401678
3	0.0
4	0.010075703043866905
5	0.03233574589892528
6	0.0
7	0.0
8	0.0
9	0.0
10	0.0
11	0.0
12	0.0
13	0.0
14	0.0
15	0.0
16	0.006723766295808517
17	6.465159899815882E-4
18	0.0040581311371152
19	0.0
20	0.0010941039830457647
21	6.962479892109411E-5
22	2.387135963008941E-4
23	9.44907985357706E-4
24	0.0
25	0.0
26	0.0
27	0.0020390119684034706
28	0.0
29	6.962479892109411E-4
30	0.0
31	0.0
32	0.0
33	0.0011736751818127295
34	0.0
35	0.0013924959784218822
36	0.0
37	0.0025064927611593885
38	0.005758965510759071
39	0.006494999099353495
40	1.4919599768805882E-4
41	0.0
42	0.0
43	0.0
44	0.0
45	0.0
46	0.0
47	0.0
48	0.0
49	0.0
50	0.0
51	0.0
>>END_MODULE
>>Sequence Length Distribution	warn
#Length	Count
50	68712.0
51	9985177.0
>>END_MODULE
>>Sequence Duplication Levels	fail
#Total Duplicate Percentage	62.65250101667345
#Duplication Level	Relative count
1	100.0
2	39.179875521239346
3	20.87803308709801
4	13.432817352784687
5	9.642773178910378
6	7.326428845416187
7	5.875001546704283
8	4.986574606827771
9	4.059789400744893
10++	42.091391662645236
>>END_MODULE
>>Overrepresented sequences	pass
>>END_MODULE
>>Kmer Content	warn
#Sequence	Count	Obs/Exp Overall	Obs/Exp Max	Max Obs/Exp Position
GAAGA	1340275	3.0097163	6.477389	2
TCTTC	1431185	2.7766566	5.641669	7
TGATG	1156525	2.6156821	5.06124	4
AAGAA	1302210	2.5674994	5.8456936	2
CTTCT	1290005	2.5027518	5.1804104	1
CAACA	1296680	2.4889247	5.955785	1
TGTTG	1053650	2.3915284	5.0628395	7
CTTGG	958910	2.2836726	7.629766	1
TTGGA	995315	2.251078	5.6928096	2
TCTTG	1042885	2.1884625	5.1456966	7
TCCAA	1109185	2.1366436	7.3498745	7
CTTCA	1092970	2.1129317	6.6275897	1
AACAA	1123770	2.0484736	5.578518	2
CTCCA	1006040	2.0406542	6.716427	1
ATCAA	1092020	1.997711	6.25576	6
TCAAG	927335	1.9321511	5.0288363	7
CTCCT	946620	1.9269879	5.235906	1
CTTGA	910695	1.9042614	6.07796	1
TTCAA	961620	1.7654471	5.017316	7
CTTTG	825995	1.7333255	6.2023187	1
CTCAA	899540	1.7328005	5.953059	1
ATCCA	890325	1.7150495	7.074707	6
AAGAT	866015	1.713578	5.4232388	3
TTTGA	800190	1.5946664	5.17452	2
ATTGA	771285	1.5315897	5.739901	6
CAATC	791775	1.525211	5.8497205	4
>>END_MODULE
