##FastQC	0.10.1
>>Basic Statistics	pass
#Measure	Value	
Filename	C6D2PACXX_CS12_15s010308-1-1_Ferrante_lane115s010308_sequence.txt	
File type	Conventional base calls	
Encoding	Sanger / Illumina 1.9	
Total Sequences	14789928	
Filtered Sequences	0	
Sequence length	51	
%GC	48	
>>END_MODULE
>>Per base sequence quality	pass
#Base	Mean	Median	Lower Quartile	Upper Quartile	10th Percentile	90th Percentile
1	32.74591113628139	34.0	31.0	34.0	31.0	34.0
2	32.877309882779684	34.0	31.0	34.0	31.0	34.0
3	32.899937646755276	34.0	31.0	34.0	31.0	34.0
4	36.27173168118195	37.0	37.0	37.0	35.0	37.0
5	36.19700805845708	37.0	37.0	37.0	35.0	37.0
6	36.17549105039592	37.0	37.0	37.0	35.0	37.0
7	36.181661127762084	37.0	37.0	37.0	35.0	37.0
8	36.17568496614723	37.0	37.0	37.0	35.0	37.0
9	37.93682612924147	39.0	38.0	39.0	35.0	39.0
10	37.915131770756425	39.0	38.0	39.0	35.0	39.0
11	37.939676785444796	39.0	38.0	39.0	35.0	39.0
12	37.92460666475185	39.0	38.0	39.0	35.0	39.0
13	37.90087436531131	39.0	38.0	39.0	35.0	39.0
14	39.353693405404	41.0	39.0	41.0	36.0	41.0
15	39.33339722816771	41.0	39.0	41.0	36.0	41.0
16	39.30600973851935	41.0	39.0	41.0	36.0	41.0
17	39.28393627068367	40.0	39.0	41.0	36.0	41.0
18	39.26617932149501	40.0	39.0	41.0	36.0	41.0
19	39.32592565697412	40.0	39.0	41.0	36.0	41.0
20	39.32265106361572	40.0	39.0	41.0	36.0	41.0
21	39.31407495695719	40.0	39.0	41.0	36.0	41.0
22	39.2939307074382	40.0	39.0	41.0	36.0	41.0
23	39.29045989946672	40.0	39.0	41.0	36.0	41.0
24	39.29527310748234	41.0	39.0	41.0	36.0	41.0
25	39.28039663208638	40.0	39.0	41.0	36.0	41.0
26	39.2310028825022	40.0	39.0	41.0	36.0	41.0
27	39.184778722384586	40.0	39.0	41.0	36.0	41.0
28	39.162674287528645	40.0	39.0	41.0	36.0	41.0
29	39.148243047565884	40.0	39.0	41.0	36.0	41.0
30	39.10453276040289	40.0	39.0	41.0	36.0	41.0
31	39.089180217780644	40.0	39.0	41.0	36.0	41.0
32	39.04953046424567	40.0	39.0	41.0	36.0	41.0
33	39.0093596804528	40.0	39.0	41.0	35.0	41.0
34	38.989991161552645	40.0	39.0	41.0	35.0	41.0
35	38.96902750304126	40.0	39.0	41.0	35.0	41.0
36	38.939626954235344	40.0	38.0	41.0	35.0	41.0
37	38.88890297505167	40.0	38.0	41.0	35.0	41.0
38	38.85041468761714	40.0	38.0	41.0	35.0	41.0
39	38.81835347677149	40.0	38.0	41.0	35.0	41.0
40	38.784985092557584	40.0	38.0	41.0	35.0	41.0
41	38.73607876928136	40.0	38.0	41.0	35.0	41.0
42	38.698189470564024	40.0	38.0	41.0	35.0	41.0
43	38.6464066626964	40.0	38.0	41.0	35.0	41.0
44	38.59640648690109	40.0	38.0	41.0	35.0	41.0
45	38.54281555664098	40.0	38.0	41.0	34.0	41.0
46	38.47608453536758	40.0	38.0	41.0	34.0	41.0
47	38.420403196012856	40.0	38.0	41.0	34.0	41.0
48	38.34932664986604	40.0	38.0	41.0	34.0	41.0
49	38.27285332288298	40.0	38.0	41.0	34.0	41.0
50	38.192674704028306	40.0	37.0	41.0	34.0	41.0
51	37.01357795656612	39.0	36.0	40.0	31.0	41.0
>>END_MODULE
>>Per sequence quality scores	pass
#Quality	Count
6	26.0
7	398.0
8	1564.0
9	3446.0
10	3437.0
11	1724.0
12	710.0
13	439.0
14	370.0
15	340.0
16	296.0
17	346.0
18	392.0
19	561.0
20	1021.0
21	1886.0
22	3276.0
23	6033.0
24	10165.0
25	16830.0
26	26623.0
27	40977.0
28	60115.0
29	84981.0
30	117473.0
31	156406.0
32	205881.0
33	270006.0
34	363472.0
35	505203.0
36	740289.0
37	1219042.0
38	2649423.0
39	8286518.0
40	10259.0
>>END_MODULE
>>Per base sequence content	fail
#Base	G	A	T	C
1	23.673833944628548	13.95138528754101	17.891536850149038	44.483243917681406
2	23.477801259205958	21.846945404766558	34.53446349850648	20.140789837521005
3	23.302642176486593	25.617771770085696	25.10779633274753	25.97178972068018
4	25.484160414998215	29.58519721402315	18.882264637776284	26.048377733202354
5	25.770922294317288	33.57551305817772	20.953682265224337	19.699882382280652
6	19.395118083063014	36.071162753463035	21.890796222943074	22.64292294053088
7	17.564081447861003	16.19381784684821	42.7186731402614	23.52342756502939
8	21.302923178530687	21.38704123508918	26.735654155990485	30.574381430389654
9	21.5229986244693	21.055775254619224	29.69120606942779	27.730020051483685
10	20.834239079173084	36.440110868023766	22.579991922831873	20.145658129971277
11	26.164457653199324	24.737799882224714	20.107671952895835	28.990070511680127
12	22.555393835766953	21.52195435156578	27.660290898184016	28.26236091448326
13	21.184278300153714	25.707871492319555	29.142694792703832	23.9651554148229
14	22.508608561177578	25.593917698585145	27.600715838508478	24.2967579017288
15	22.84570283235997	25.56263965585228	26.345753677773143	25.24590383401461
16	23.37440276824639	25.393713658871675	26.094552134759297	25.137331438122633
17	23.987977674098335	26.0095375081382	25.698134060752746	24.304350757010717
18	23.005235462609892	25.98975410764428	25.89856440798269	25.10644602176314
19	23.39062772989835	25.7665825012806	25.76025387006617	25.08253589875488
20	23.821916586526548	26.05080244583383	25.716685257281053	24.410595710358564
21	23.075637897556405	26.037839030030874	26.20070001759307	24.685823054819657
22	23.048282321301024	26.091769460178217	26.048584420498283	24.81136379802248
23	23.76558222760252	26.425056353156634	25.69043350652066	24.118927912720185
24	23.004168782971764	26.254536195172822	26.026293028607032	24.71500199324838
25	23.178943129405365	26.013689857043254	25.912512893909962	24.894854119641423
26	23.78711125195938	26.2769499936882	25.703992487230853	24.231946267121568
27	22.951526200835414	26.07035720152297	26.076700549930436	24.901416047711177
28	23.242819245934108	25.932041275635502	26.00279301694377	24.822346461486617
29	23.92795633423811	26.15257173570565	25.711041659778218	24.20843027027802
30	23.21965982809849	26.154073040460236	25.948350026915605	24.67791710452567
31	23.155955629006904	26.111102507170898	25.941265235934356	24.791676627887842
32	23.84479543226738	26.363791082300203	25.72681059362687	24.064602891805546
33	23.0949271486996	26.08184297763758	26.0209912441004	24.802238629562417
34	23.29368257342712	25.80565999624967	25.961549580197662	24.93910785012555
35	23.95202967328184	25.984756610792548	25.648502792285743	24.414710923639873
36	23.280379231997586	25.946767987807267	25.866255445163688	24.906597335031456
37	23.324614852589487	25.98184380443977	25.763002361187553	24.930538981783194
38	23.978333284068864	26.09385550783403	25.639483795856794	24.28832741224031
39	23.308814194835538	26.02385839306431	25.96672740483619	24.70060000726396
40	23.366181802563553	25.74791057289178	26.03279571147052	24.853111913074148
41	23.88146608850415	25.997441596385418	25.862744277122466	24.258348037987957
42	23.20808691017254	25.991290672372724	26.077433269745132	24.723189147709604
43	23.525589582623248	25.735622194904646	25.93889705403586	24.79989116843625
44	24.064072522868265	26.05124244012547	25.644857770774816	24.23982726623145
45	23.381873641844358	25.921537635372676	25.948820766932545	24.747767955850417
46	23.438526253356866	25.779342335097294	25.834569429477337	24.947561982068503
47	24.011223856780884	26.18147826983572	25.65611387481681	24.15118399856659
48	23.31616317695516	26.08021509946477	26.055745547491522	24.547876176088547
49	23.523623644415306	25.87605565084563	25.73719763882556	24.863123065913506
50	24.128698925397142	26.07533984825795	25.691075952431113	24.104885273913787
51	23.38737991893655	25.850225386380277	26.045931715109127	24.71646297957405
>>END_MODULE
>>Per base GC content	fail
#Base	%GC
1	68.15707786230996
2	43.61859109672696
3	49.27443189716678
4	51.532538148200565
5	45.47080467659794
6	42.03804102359389
7	41.08750901289039
8	51.87730460892034
9	49.25301867595299
10	40.97989720914436
11	55.154528164879444
12	50.81775475025021
13	45.14943371497661
14	46.80536646290638
15	48.091606666374574
16	48.51173420636902
17	48.292328431109055
18	48.11168148437303
19	48.47316362865323
20	48.23251229688512
21	47.761460952376055
22	47.8596461193235
23	47.8845101403227
24	47.719170776220146
25	48.073797249046784
26	48.019057519080945
27	47.85294224854659
28	48.065165707420725
29	48.136386604516126
30	47.89757693262416
31	47.94763225689475
32	47.909398324072924
33	47.89716577826202
34	48.23279042355267
35	48.366740596921716
36	48.18697656702904
37	48.25515383437268
38	48.266660696309174
39	48.0094142020995
40	48.219293715637704
41	48.13981412649211
42	47.931276057882144
43	48.325480751059494
44	48.30389978909972
45	48.12964159769477
46	48.38608823542537
47	48.162407855347475
48	47.86403935304371
49	48.386746710328815
50	48.23358419931093
51	48.10384289851059
>>END_MODULE
>>Per sequence GC content	pass
#GC Content	Count
0	50.0
1	37.5
2	25.0
3	19.0
4	13.0
5	20.0
6	27.0
7	25.5
8	24.0
9	28.5
10	33.0
11	60.0
12	87.0
13	171.0
14	255.0
15	566.0
16	877.0
17	1086.5
18	1296.0
19	2023.5
20	2751.0
21	3857.5
22	4964.0
23	7251.0
24	9538.0
25	14170.0
26	27079.5
27	35357.0
28	49098.5
29	62840.0
30	89953.0
31	117066.0
32	159277.0
33	201488.0
34	266342.5
35	331197.0
36	423180.5
37	515164.0
38	626706.0
39	738248.0
40	867998.0
41	997748.0
42	1124992.5
43	1252237.0
44	1351075.0
45	1449913.0
46	1509121.0
47	1568329.0
48	1562608.5
49	1556888.0
50	1497861.5
51	1438835.0
52	1344731.0
53	1250627.0
54	1129588.0
55	1008549.0
56	876078.5
57	743608.0
58	633802.5
59	523997.0
60	444475.5
61	364954.0
62	301783.5
63	238613.0
64	188925.5
65	139238.0
66	112062.0
67	84886.0
68	72257.5
69	59629.0
70	46546.0
71	33463.0
72	25553.5
73	17644.0
74	14294.0
75	7962.5
76	4981.0
77	3436.5
78	1892.0
79	1844.5
80	1797.0
81	1163.0
82	529.0
83	346.5
84	164.0
85	125.0
86	86.0
87	112.5
88	139.0
89	116.0
90	93.0
91	56.5
92	20.0
93	16.5
94	13.0
95	9.5
96	6.0
97	3.5
98	1.0
99	2.0
100	3.0
>>END_MODULE
>>Per base N content	pass
#Base	N-Count
1	0.05175143516587775
2	0.01592299840810584
3	0.0
4	0.013583568493369272
5	0.03780275333321433
6	0.0
7	0.0
8	0.0
9	0.0
10	6.152835902919879E-4
11	0.005050734526902362
12	0.0019337484266319619
13	1.7579531151199656E-4
14	0.0
15	0.0
16	0.0072414145626672425
17	7.505107529935237E-4
18	0.006605846897970024
19	0.0
20	0.0013996011339608956
21	9.465901389107506E-5
22	5.679540833464504E-4
23	0.00109534001788244
24	0.0
25	0.0
26	0.0011832376736384382
27	0.01883038240618886
28	0.001257612613124283
29	0.004563916741176834
30	0.007511868888070314
31	0.0231306061800977
32	0.004198803401882686
33	0.03252889398785444
34	0.01282629638224067
35	0.029553896408420648
36	0.023069753956882006
37	0.0509535949059387
38	0.03906036594633862
39	0.031149576928298776
40	0.036328777259767596
41	0.03331321153152335
42	0.0033603949931331643
43	6.828971716427558E-4
44	0.0
45	0.00385397413699377
46	5.81476799616604E-4
47	2.028407440523037E-5
48	8.04601618074138E-4
49	0.0
50	6.220449484270646E-4
51	0.07194761191535212
>>END_MODULE
>>Sequence Length Distribution	pass
#Length	Count
51	1.4789928E7
>>END_MODULE
>>Sequence Duplication Levels	fail
#Total Duplicate Percentage	64.83809473024675
#Duplication Level	Relative count
1	100.0
2	34.61227378424831
3	18.23753917702962
4	11.813770094024871
5	8.464765948842382
6	6.494540491355778
7	5.329339803862097
8	4.4901931048427866
9	3.8507228793853
10++	59.46188454150238
>>END_MODULE
>>Overrepresented sequences	pass
>>END_MODULE
>>Kmer Content	warn
#Sequence	Count	Obs/Exp Overall	Obs/Exp Max	Max Obs/Exp Position
GAAGA	1903635	2.9676948	6.5996127	2
TCTTC	2044820	2.6811965	5.4590125	7
AAGAA	1818130	2.5495582	5.7508016	2
TGATG	1643860	2.5317748	5.3471007	4
CAACA	1891340	2.525551	6.0693617	1
TGTTG	1558765	2.38618	5.185731	7
CTTGG	1504040	2.3833659	7.9185467	1
TTGGA	1530405	2.3570383	6.285682	2
TGAAG	1490470	2.3095167	5.369603	7
TCCAA	1684005	2.2350757	7.919241	7
TCTTG	1534750	2.1743813	5.251396	7
CTTCA	1613725	2.128829	6.643009	1
AACAA	1599910	2.0764003	5.888914	2
CTCCA	1480875	2.0222666	5.8449473	1
ATCAA	1554370	2.0050824	6.4933434	6
TCAAG	1384815	1.9859352	5.4749355	7
CTTGA	1360515	1.9392736	6.309798	1
TTGAT	1378795	1.8985705	5.123051	3
TTCAA	1393465	1.7866364	5.0250516	7
ATCCA	1326605	1.7607207	7.769468	6
CTCAA	1315275	1.7456831	5.65208	1
TTGAG	1095020	1.6864842	5.0208454	7
AAGAT	1208565	1.6845051	5.6918097	3
CTTTG	1177490	1.6682276	6.2929173	1
ATTGA	1124715	1.5581424	5.8165717	6
TTTGA	1116315	1.5371413	5.609743	2
CAATC	1099700	1.4595637	5.884476	4
CGGCA	840490	1.3871081	5.2052727	1
>>END_MODULE
