##FastQC	0.10.1
>>Basic Statistics	pass
#Measure	Value	
Filename	C6D2PACXX_CL18_15s010314-1-1_Ferrante_lane115s010314_sequence.txt	
File type	Conventional base calls	
Encoding	Sanger / Illumina 1.9	
Total Sequences	10381800	
Filtered Sequences	0	
Sequence length	51	
%GC	47	
>>END_MODULE
>>Per base sequence quality	pass
#Base	Mean	Median	Lower Quartile	Upper Quartile	10th Percentile	90th Percentile
1	32.73681760388372	34.0	31.0	34.0	31.0	34.0
2	32.86708759559999	34.0	31.0	34.0	31.0	34.0
3	32.89053622685854	34.0	31.0	34.0	31.0	34.0
4	36.26781993488605	37.0	37.0	37.0	35.0	37.0
5	36.19141661368934	37.0	37.0	37.0	35.0	37.0
6	36.16877737964515	37.0	37.0	37.0	35.0	37.0
7	36.17537469417635	37.0	37.0	37.0	35.0	37.0
8	36.167913752913755	37.0	37.0	37.0	35.0	37.0
9	37.93235103739236	39.0	38.0	39.0	35.0	39.0
10	37.91182251632665	39.0	38.0	39.0	35.0	39.0
11	37.93104182319058	39.0	38.0	39.0	35.0	39.0
12	37.919623283053035	39.0	38.0	39.0	35.0	39.0
13	37.8967803271109	39.0	38.0	39.0	35.0	39.0
14	39.342368279103816	41.0	39.0	41.0	36.0	41.0
15	39.321464293282475	41.0	39.0	41.0	36.0	41.0
16	39.293479165462635	40.0	39.0	41.0	36.0	41.0
17	39.27235864686278	40.0	39.0	41.0	36.0	41.0
18	39.25331387620644	40.0	39.0	41.0	36.0	41.0
19	39.31502533279393	40.0	39.0	41.0	36.0	41.0
20	39.31399545358223	40.0	39.0	41.0	36.0	41.0
21	39.30501223294612	40.0	39.0	41.0	36.0	41.0
22	39.284944325646805	40.0	39.0	41.0	36.0	41.0
23	39.28314839430542	40.0	39.0	41.0	36.0	41.0
24	39.289096977402764	41.0	39.0	41.0	36.0	41.0
25	39.27406615423144	40.0	39.0	41.0	36.0	41.0
26	39.226276946194304	40.0	39.0	41.0	36.0	41.0
27	39.178850969966675	40.0	39.0	41.0	36.0	41.0
28	39.15674545839835	40.0	39.0	41.0	36.0	41.0
29	39.14070691016972	40.0	39.0	41.0	36.0	41.0
30	39.09997948332659	40.0	39.0	41.0	36.0	41.0
31	39.08483268797318	40.0	39.0	41.0	36.0	41.0
32	39.04463975418521	40.0	39.0	41.0	36.0	41.0
33	39.00415091795257	40.0	39.0	41.0	35.0	41.0
34	38.98363540041226	40.0	39.0	41.0	35.0	41.0
35	38.9643629235778	40.0	39.0	41.0	35.0	41.0
36	38.93651476622551	40.0	38.0	41.0	35.0	41.0
37	38.886151341771175	40.0	38.0	41.0	35.0	41.0
38	38.851502436956984	40.0	38.0	41.0	35.0	41.0
39	38.81837504093703	40.0	38.0	41.0	35.0	41.0
40	38.78556011481631	40.0	38.0	41.0	35.0	41.0
41	38.74359610086883	40.0	38.0	41.0	35.0	41.0
42	38.70918954323913	40.0	38.0	41.0	35.0	41.0
43	38.655496927315106	40.0	38.0	41.0	35.0	41.0
44	38.613491494731164	40.0	38.0	41.0	35.0	41.0
45	38.56426053285558	40.0	38.0	41.0	34.0	41.0
46	38.50104346067156	40.0	38.0	41.0	34.0	41.0
47	38.45188156196421	40.0	38.0	41.0	34.0	41.0
48	38.38644724421584	40.0	38.0	41.0	34.0	41.0
49	38.31240921612822	40.0	38.0	41.0	34.0	41.0
50	38.23814608256757	40.0	37.0	41.0	34.0	41.0
51	37.041569766321835	39.0	36.0	40.0	31.0	41.0
>>END_MODULE
>>Per sequence quality scores	pass
#Quality	Count
6	11.0
7	238.0
8	884.0
9	2196.0
10	2237.0
11	1109.0
12	460.0
13	299.0
14	208.0
15	225.0
16	194.0
17	179.0
18	284.0
19	399.0
20	631.0
21	1265.0
22	2287.0
23	4120.0
24	7107.0
25	11720.0
26	18784.0
27	28133.0
28	41908.0
29	59483.0
30	82436.0
31	110637.0
32	146048.0
33	190614.0
34	257032.0
35	355955.0
36	522496.0
37	855813.0
38	1848721.0
39	5820813.0
40	6874.0
>>END_MODULE
>>Per base sequence content	fail
#Base	G	A	T	C
1	23.381554231814384	13.964076267459793	16.856655573955067	45.797713926770754
2	23.138542687140415	22.62491995568095	34.041169007841575	20.19536834933706
3	22.727648384673177	26.066635843495344	24.148827756265774	27.0568880155657
4	25.369912706824444	29.93472712381057	18.77994940860786	25.915410760757123
5	25.337050853810773	33.881662785818115	21.23643690405126	19.544849456319856
6	19.371727446107613	36.03051493960585	22.573320618775163	22.024436995511376
7	17.53823999691768	16.51097112254137	42.75646804985648	23.194320830684468
8	21.20236375195053	21.56405440289738	27.51244485542006	29.721136989732035
9	21.632077289102085	21.162707815600378	30.020863434086575	27.184351461210966
10	20.844561782953704	36.83737377716778	22.720403585565	19.59766085431352
11	25.94935916293832	25.380035537091526	20.297379914935227	28.373225385034928
12	22.51418856438314	22.02372466671804	27.72690144101102	27.7351853278878
13	21.254008102461782	26.085432531194304	29.135303637149807	23.525255729194107
14	22.4455200446936	25.966816929626845	27.732474137432817	23.85518888824674
15	22.749580997514883	25.778545146313743	26.576595580727812	24.895278275443562
16	23.336544315405778	25.677562171034886	26.222488305603292	24.763405207956044
17	23.929878671356963	26.248097617735787	25.863585224798975	23.958438486108275
18	22.99532268610904	26.218831553893917	26.041626128533462	24.744219631463576
19	23.31057234776243	26.10171646535283	25.916074283842878	24.671636903041865
20	23.812853857118448	26.311798631086237	25.857728752872134	24.017618758923188
21	22.997751158302293	26.269826905555487	26.290459187718028	24.44196274842419
22	22.96634296731968	26.349499935126563	26.135971449137735	24.548185648416023
23	23.607349818175233	26.60027034110698	26.01316990600479	23.779209934713
24	22.970120788302605	26.493854630218266	26.139523011423837	24.39650157005529
25	23.050617426650486	26.355150359282593	25.99501049914273	24.599221714924195
26	23.618632913850483	26.60478967164441	25.896637844077524	23.879939570427577
27	22.961330305917027	26.280100749455098	26.216477221929345	24.54209172269853
28	23.090920422102908	26.17814007980821	26.204609888669793	24.52632960941909
29	23.76691506249711	26.404971255953026	25.88834902825085	23.939764653299015
30	23.083710591180935	26.335404157497717	26.117237443758107	24.46364780756324
31	23.158896626594405	26.27780609794483	26.08499987426938	24.478297401191387
32	23.766352911167854	26.53596860210231	25.90084779101564	23.796830695714192
33	23.0065527498434	26.34678150013812	26.156087200800197	24.490578549218274
34	23.2962409323737	26.16837402303344	25.963778336497768	24.571606708095093
35	23.89093763182018	26.407085573734417	25.859079759531088	23.84289703491432
36	23.195524532226194	26.30241991153849	26.070759769154932	24.431295787080387
37	23.284405018930805	26.243946281168952	26.0295478049237	24.442100894976548
38	23.879040014245824	26.454215299824753	25.810888823128725	23.855855862800702
39	23.21999030115277	26.275618576115573	26.166836552263113	24.33755457046854
40	23.263408240732513	26.130312626890312	26.151723183663073	24.454555948714106
41	23.82717135451891	26.329814115906103	26.02653851783169	23.816476011743294
42	23.166262195073788	26.228754645547454	26.24678681563243	24.358196343746332
43	23.303486027858554	26.092337211620798	26.161237096322097	24.442939664198548
44	23.91773102930128	26.31187270030245	25.972914138203397	23.797482132192876
45	23.30016912024433	26.174086255081335	26.206191841135436	24.319552783538896
46	23.441041675094926	26.04011466285998	26.017170532107336	24.501673129937757
47	23.98357663741418	26.395442561190762	25.815706646518578	23.80527415487648
48	23.206462369420507	26.30631024601648	26.192822121765573	24.29440526279744
49	23.386532200581787	26.150696411026992	26.01205956577857	24.45071182261265
50	23.965376858782744	26.30389914895662	25.967028414443956	23.763695577816677
51	23.33544107355949	26.16243158680066	26.227263876866846	24.274863462773002
>>END_MODULE
>>Per base GC content	fail
#Base	%GC
1	69.17926815858515
2	43.333911036477474
3	49.78453640023888
4	51.28532346758157
5	44.88190031013063
6	41.396164441618986
7	40.73256082760215
8	50.92350074168256
9	48.816428750313044
10	40.44222263726722
11	54.32258454797324
12	50.249373892270945
13	44.77926383165589
14	46.30070893294034
15	47.64485927295844
16	48.09994952336182
17	47.88831715746524
18	47.73954231757262
19	47.98220925080429
20	47.83047261604163
21	47.43971390672648
22	47.514528615735706
23	47.38655975288823
24	47.366622358357894
25	47.64983914157468
26	47.498572484278064
27	47.50342202861556
28	47.617250031522
29	47.70667971579613
30	47.54735839874417
31	47.637194027785796
32	47.56318360688205
33	47.49713129906167
34	47.86784764046879
35	47.733834666734495
36	47.62682031930658
37	47.72650591390736
38	47.734895877046526
39	47.55754487162132
40	47.71796418944662
41	47.6436473662622
42	47.52445853882013
43	47.7464256920571
44	47.715213161494155
45	47.61972190378323
46	47.94271480503268
47	47.78885079229066
48	47.500867632217954
49	47.83724402319444
50	47.729072436599424
51	47.61030453633249
>>END_MODULE
>>Per sequence GC content	pass
#GC Content	Count
0	91.0
1	51.0
2	11.0
3	8.0
4	5.0
5	10.5
6	16.0
7	17.5
8	19.0
9	23.5
10	28.0
11	43.5
12	59.0
13	115.0
14	171.0
15	314.5
16	458.0
17	687.5
18	917.0
19	1437.0
20	1957.0
21	2545.0
22	3133.0
23	4727.0
24	6321.0
25	9543.5
26	18351.0
27	23936.0
28	34015.5
29	44095.0
30	63759.0
31	83423.0
32	114661.5
33	145900.0
34	195582.0
35	245264.0
36	315159.0
37	385054.0
38	468942.0
39	552830.0
40	648489.5
41	744149.0
42	835821.5
43	927494.0
44	992606.0
45	1057718.0
46	1088190.5
47	1118663.0
48	1105401.0
49	1092139.0
50	1047673.0
51	1003207.0
52	931968.0
53	860729.0
54	773117.5
55	685506.0
56	589526.5
57	493547.0
58	419467.5
59	345388.0
60	285742.0
61	226096.0
62	181794.5
63	137493.0
64	106579.5
65	75666.0
66	60495.5
67	45325.0
68	36709.0
69	28093.0
70	22306.5
71	16520.0
72	12647.0
73	8774.0
74	6840.5
75	3650.5
76	2394.0
77	1539.0
78	684.0
79	606.0
80	528.0
81	347.5
82	167.0
83	115.0
84	63.0
85	48.0
86	33.0
87	27.0
88	21.0
89	16.0
90	11.0
91	12.5
92	14.0
93	10.0
94	6.0
95	4.0
96	2.0
97	2.5
98	3.0
99	4.5
100	6.0
>>END_MODULE
>>Per base N content	pass
#Base	N-Count
1	0.05121462559479088
2	0.015536804793003142
3	0.0
4	0.013273228149261206
5	0.03771022366063688
6	0.0
7	0.0
8	0.0
9	0.0
10	5.875667032691827E-4
11	0.005143616713864647
12	0.001926448207439943
13	1.6374809763239516E-4
14	0.0
15	0.0
16	0.0073205031882717835
17	7.705792829759771E-4
18	0.006049047371361421
19	0.0
20	0.0013292492631335605
21	1.0595465140919687E-4
22	4.527153287483866E-4
23	9.728563447571712E-4
24	0.0
25	0.0
26	0.0012329268527615635
27	0.01918742414610183
28	0.0015507908069891541
29	0.005008765339343852
30	0.007204916295825386
31	0.023762738638771694
32	0.004507888805409467
33	0.032836309695813824
34	0.012781983856364023
35	0.029648037912500723
36	0.022838043499200524
37	0.051310948005162886
38	0.03873124121058005
39	0.03127588664778747
40	0.03604384596120133
41	0.033240863819376215
42	0.003409813327168699
43	6.7425687260398E-4
44	0.0
45	0.004132231404958678
46	5.779344622319828E-4
47	3.852896414879886E-5
48	9.343273806083724E-4
49	0.0
50	7.031535957155792E-4
51	0.0707006492130459
>>END_MODULE
>>Sequence Length Distribution	pass
#Length	Count
51	1.03818E7
>>END_MODULE
>>Sequence Duplication Levels	fail
#Total Duplicate Percentage	60.492709534816385
#Duplication Level	Relative count
1	100.0
2	34.81441848022053
3	18.1568632012376
4	11.573400951461505
5	8.25375408558501
6	6.241494422667581
7	5.030649157293569
8	4.231561071499192
9	3.5185465204192012
10++	40.810487013364664
>>END_MODULE
>>Overrepresented sequences	pass
>>END_MODULE
>>Kmer Content	warn
#Sequence	Count	Obs/Exp Overall	Obs/Exp Max	Max Obs/Exp Position
GAAGA	1390505	3.0149786	6.331133	2
TCTTC	1479590	2.7921169	5.6778965	7
AAGAA	1362450	2.616356	6.066754	2
CAACA	1314695	2.479689	6.0310535	1
TGTTG	1104780	2.3966658	5.2933164	7
CTTGG	1018310	2.3259692	7.519704	1
CAAGA	1143365	2.3122075	5.3086834	1
TTGGA	1038555	2.2526195	5.870296	2
TCTTG	1101305	2.2282786	5.268734	7
TCCAA	1129680	2.1310859	7.5715175	7
CTTCA	1115255	2.1042292	6.2114873	1
CTCCA	1026775	2.0397947	6.3158717	1
AACAA	1123295	2.0118723	5.5075784	2
ATCAA	1114670	1.9967614	6.2101955	6
TCAAG	980390	1.9829607	5.110619	7
CTTGA	966015	1.9542154	6.257331	1
TTCAA	989875	1.7735096	5.105356	7
CTCAA	919260	1.7341388	6.221087	1
AAGAT	895900	1.7207158	5.592403	3
CTTTG	840520	1.7006304	6.0751715	1
ATCCA	900670	1.6990696	7.3739476	6
TTTGA	825300	1.5856531	5.178256	2
ATTGA	800465	1.5376775	5.9569535	6
CAATC	785765	1.4823071	5.6981006	4
>>END_MODULE
