##FastQC	0.10.1
>>Basic Statistics	pass
#Measure	Value	
Filename	CS12_fastq-q-filt.txt	
File type	Conventional base calls	
Encoding	Sanger / Illumina 1.9	
Total Sequences	14146691	
Filtered Sequences	0	
Sequence length	50-51	
%GC	48	
>>END_MODULE
>>Per base sequence quality	pass
#Base	Mean	Median	Lower Quartile	Upper Quartile	10th Percentile	90th Percentile
1	32.93991117781536	34.0	31.0	34.0	31.0	34.0
2	33.0763526255009	34.0	33.0	34.0	31.0	34.0
3	33.10561395594206	34.0	33.0	34.0	31.0	34.0
4	36.470278385242175	37.0	37.0	37.0	35.0	37.0
5	36.40521066021729	37.0	37.0	37.0	35.0	37.0
6	36.39008358915876	37.0	37.0	37.0	35.0	37.0
7	36.39008867868818	37.0	37.0	37.0	35.0	37.0
8	36.388186608444336	37.0	37.0	37.0	35.0	37.0
9	38.19475232759378	39.0	38.0	39.0	37.0	39.0
10	38.17686065243102	39.0	38.0	39.0	37.0	39.0
11	38.20387382462796	39.0	38.0	39.0	37.0	39.0
12	38.19133852573722	39.0	38.0	39.0	37.0	39.0
13	38.16833455965073	39.0	38.0	39.0	37.0	39.0
14	39.66288752613597	41.0	39.0	41.0	37.0	41.0
15	39.644060862006526	41.0	39.0	41.0	37.0	41.0
16	39.62046424849458	41.0	39.0	41.0	37.0	41.0
17	39.600854503713975	41.0	39.0	41.0	37.0	41.0
18	39.586631672381905	41.0	39.0	41.0	37.0	41.0
19	39.64192453203368	41.0	39.0	41.0	37.0	41.0
20	39.64164962675724	41.0	39.0	41.0	37.0	41.0
21	39.63485347916343	41.0	39.0	41.0	37.0	41.0
22	39.62004026241897	41.0	39.0	41.0	37.0	41.0
23	39.619699193260104	41.0	39.0	41.0	37.0	41.0
24	39.62769109751531	41.0	39.0	41.0	37.0	41.0
25	39.61648819501324	41.0	39.0	41.0	37.0	41.0
26	39.594311136081224	41.0	39.0	41.0	37.0	41.0
27	39.56618943610206	41.0	39.0	41.0	37.0	41.0
28	39.55260541139974	41.0	39.0	41.0	37.0	41.0
29	39.54315563971815	40.0	39.0	41.0	37.0	41.0
30	39.51006168156214	40.0	39.0	41.0	37.0	41.0
31	39.50428160196614	40.0	39.0	41.0	37.0	41.0
32	39.47279657129713	40.0	39.0	41.0	37.0	41.0
33	39.443313351510966	40.0	39.0	41.0	37.0	41.0
34	39.42852190664234	40.0	39.0	41.0	37.0	41.0
35	39.415880222449196	40.0	39.0	41.0	37.0	41.0
36	39.39199110237157	40.0	39.0	41.0	36.0	41.0
37	39.35395945242601	40.0	39.0	41.0	36.0	41.0
38	39.32371449973708	40.0	39.0	41.0	36.0	41.0
39	39.29585427433172	40.0	39.0	41.0	36.0	41.0
40	39.2679622393675	40.0	39.0	41.0	36.0	41.0
41	39.224288633999286	40.0	39.0	41.0	36.0	41.0
42	39.184768932890385	40.0	39.0	41.0	36.0	41.0
43	39.13362623103876	40.0	38.0	41.0	35.0	41.0
44	39.08335878687108	40.0	38.0	41.0	35.0	41.0
45	39.03305083853178	40.0	38.0	41.0	35.0	41.0
46	38.971220761095296	40.0	38.0	41.0	35.0	41.0
47	38.9181501879132	40.0	38.0	41.0	35.0	41.0
48	38.84933706405265	40.0	38.0	41.0	35.0	41.0
49	38.77510246035628	40.0	38.0	41.0	35.0	41.0
50	38.69950273176957	40.0	38.0	41.0	35.0	41.0
51	37.7396892841158	39.0	36.0	41.0	33.0	41.0
>>END_MODULE
>>Per sequence quality scores	pass
#Quality	Count
27	8.0
28	191.0
29	1927.0
30	12949.0
31	50132.0
32	125927.0
33	227662.0
34	345250.0
35	496325.0
36	734596.0
37	1214700.0
38	2644920.0
39	8281854.0
40	10250.0
>>END_MODULE
>>Per base sequence content	fail
#Base	G	A	T	C
1	23.792526760099257	14.045875264029913	17.81527841322529	44.34631956264553
2	23.257559288939223	21.97819141208645	34.63764227737111	20.12660702160322
3	23.361385358597285	25.684734331159138	24.94531760112665	26.008562709116923
4	25.5187731667121	29.683747869256322	18.84602485518861	25.95145410884297
5	25.682948170086256	33.713881532231824	20.914787873011033	19.688382424670888
6	19.291168514248312	36.205109732021434	21.87214663839056	22.631575115339693
7	17.534969838529733	16.219715267690514	42.708277151172666	23.537037742607087
8	21.300910580431847	21.415601712089423	26.691577556900054	30.591910150578677
9	21.466928202503325	21.128538115379772	29.63517758322423	27.76935609889267
10	20.807593804091713	36.54764919937815	22.538747753803346	20.106009242726795
11	26.078550807393757	24.83556755427824	20.09571708323876	28.990164555089244
12	22.535206289583904	21.585648544949485	27.637388842380172	28.241756323086438
13	21.154770398250726	25.737142346574192	29.153114321928715	23.954972933246367
14	22.454869481492175	25.667168385879073	27.62222628599154	24.25573584663721
15	22.805651158988347	25.586329693636483	26.35684203464966	25.251177112725514
16	23.349004918218675	25.46806211778332	26.100123768430596	25.082809195567414
17	23.884867228418102	26.080937249254927	25.71524485513787	24.318950667189103
18	22.96519675193814	26.054571047323787	25.862863631903664	25.117368568834408
19	23.366079035726447	25.84530191547974	25.774288842528613	25.014330206265196
20	23.747477204446692	26.130651738884836	25.696558776444423	24.425312280224045
21	22.978972947788957	26.111806719894226	26.207122363188933	24.70209796912788
22	23.011536521148237	26.122112821285675	26.066672090805454	24.799678566760626
23	23.696601122308813	26.452332695627884	25.71929188115945	24.131774300903853
24	22.95185496028718	26.323859056510106	26.050565464390225	24.67372051881249
25	23.11467042010036	26.105348593533286	25.893913990204492	24.88606699616186
26	23.69552710241568	26.356849103440517	25.742535833998215	24.20508796014559
27	22.86595842096747	26.149759985025174	26.110824308840495	24.873457285166857
28	23.176691991081167	25.963916226063045	26.03042647923815	24.828965303617643
29	23.788868681453533	26.23973888298877	25.74441873274498	24.226973702812717
30	23.1435464307519	26.220944530420574	25.937379985185228	24.698129053642297
31	23.082465008955097	26.200635894287927	25.966786155151052	24.75011294160592
32	23.757067995618197	26.402683143358402	25.76733315232516	24.07291570869824
33	23.021789663665785	26.148882934069174	26.056959292614923	24.772368109650117
34	23.220080229362473	25.852773627415772	25.985037773144263	24.9421083700775
35	23.85430584262084	26.067487594644362	25.69143020494594	24.386776357788857
36	23.200987425257257	25.981503377715683	25.900396071420516	24.917113125606548
37	23.210384515575917	26.07297897760212	25.793054053100693	24.92358245372127
38	23.885047964427855	26.17892816999979	25.63151867325515	24.304505192317208
39	23.19074981384922	26.085059506393105	26.00350167763683	24.720689002120842
40	23.29928692047577	25.77846417414587	26.068900035761068	24.853348869617292
41	23.790142868038895	26.07619690003832	25.859708111246647	24.273952120676135
42	23.117193978436372	26.065841121432566	26.114665259883036	24.702299640248025
43	23.457973316869648	25.810643633907038	25.92816228190748	24.803220767315835
44	23.990097755015643	26.12134526724306	25.680153754683694	24.208403223057605
45	23.26710889493522	25.99743643230774	25.966531678680195	24.768922994076846
46	23.381460724631648	25.85077315960319	25.8189848071185	24.948781308646666
47	23.93704647963259	26.202148615531364	25.693881346528315	24.166923558307733
48	23.268119732027795	26.12291453881335	26.03976435196047	24.569201377198386
49	23.43919153956215	25.933492150213784	25.767403840233733	24.85991246999033
50	24.070788002650232	26.137391422488836	25.72273615080728	24.069084424053653
51	23.370030669850955	25.894008218107857	25.994535117719614	24.741425994321578
>>END_MODULE
>>Per base GC content	fail
#Base	%GC
1	68.1388463227448
2	43.38416631054244
3	49.36994806771421
4	51.47022727555507
5	45.37133059475715
6	41.922743629588005
7	41.07200758113682
8	51.892820731010524
9	49.236284301396
10	40.91360304681851
11	55.068715362483
12	50.77696261267034
13	45.1097433314971
14	46.71060532812938
15	48.05682827171386
16	48.43181411378608
17	48.2038178956072
18	48.082565320772545
19	48.38040924199164
20	48.172789484670744
21	47.68107091691684
22	47.81121508790886
23	47.82837542321266
24	47.625575479099666
25	48.00073741626222
26	47.90061506256127
27	47.739415706134324
28	48.005657294698814
29	48.01584238426625
30	47.841675484394194
31	47.83257795056102
32	47.82998370431643
33	47.7941577733159
34	48.16218859943997
35	48.24108220040969
36	48.1181005508638
37	48.133966969297184
38	48.18955315674506
39	47.911438815970065
40	48.152635790093065
41	48.06409498871503
42	47.8194936186844
43	48.26119408418548
44	48.19850097807324
45	48.036031889012065
46	48.33024203327832
47	48.10397003794032
48	47.837321109226174
49	48.29910400955248
50	48.13987242670388
51	48.111456664172536
>>END_MODULE
>>Per sequence GC content	pass
#GC Content	Count
0	36.0
1	20.0
2	4.0
3	3.0
4	2.0
5	4.5
6	7.0
7	9.0
8	11.0
9	13.5
10	16.0
11	38.0
12	60.0
13	139.5
14	219.0
15	518.5
16	818.0
17	1001.5
18	1185.0
19	1877.0
20	2569.0
21	3623.5
22	4678.0
23	6880.5
24	9083.0
25	13561.5
26	25938.5
27	33883.0
28	47182.5
29	60486.0
30	86690.5
31	112954.5
32	153683.5
33	194522.0
34	256930.0
35	319405.5
36	408076.5
37	496936.5
38	604243.0
39	711628.5
40	836482.0
41	961497.5
42	1083438.5
43	1205540.0
44	1299767.0
45	1393811.5
46	1450400.5
47	1506947.5
48	1500463.5
49	1493735.5
50	1435975.5
51	1377492.0
52	1282884.5
53	1188420.0
54	1075163.0
55	961443.5
56	834046.0
57	706365.0
58	600948.0
59	495653.5
60	419188.5
61	343050.5
62	283169.5
63	223138.0
64	175972.5
65	129015.0
66	103405.0
67	77915.0
68	66150.0
69	54512.0
70	42177.0
71	29854.5
72	22501.0
73	15208.0
74	12258.0
75	6751.0
76	4103.0
77	2732.5
78	1362.0
79	1379.5
80	1397.0
81	841.0
82	285.0
83	158.0
84	31.0
85	26.0
86	21.0
87	48.0
88	75.0
89	55.0
90	35.0
91	18.5
92	2.0
93	1.0
94	0.0
95	0.5
96	1.0
97	0.5
98	0.0
99	0.0
100	0.0
>>END_MODULE
>>Per base N content	pass
#Base	N-Count
1	0.03747166033385475
2	0.009514592493749951
3	0.0
4	0.00986096324575125
5	0.032155929609263396
6	0.0
7	0.0
8	0.0
9	0.0
10	0.0
11	0.0
12	0.0
13	0.0
14	0.0
15	0.0
16	0.006496218797738637
17	7.210166674312742E-4
18	0.004630058011445928
19	0.0
20	0.0012865199360048226
21	7.068790857169354E-5
22	3.6757712457280645E-4
23	9.825619291465404E-4
24	0.0
25	0.0
26	0.0
27	0.001993399021721758
28	0.0
29	5.867096411450565E-4
30	0.0
31	0.0
32	0.0
33	0.0011804880731472822
34	0.0
35	0.001272382354290484
36	0.0
37	0.0028133787611534034
38	0.00559141356802096
39	0.006361911771452419
40	1.555133988577258E-4
41	0.0
42	0.0
43	0.0
44	0.0
45	0.0
46	0.0
47	0.0
48	0.0
49	0.0
50	0.0
51	0.0
>>END_MODULE
>>Sequence Length Distribution	warn
#Length	Count
50	97715.0
51	1.4048976E7
>>END_MODULE
>>Sequence Duplication Levels	fail
#Total Duplicate Percentage	64.70948881760751
#Duplication Level	Relative count
1	100.0
2	34.98879572978825
3	18.25037137749578
4	11.758189188508698
5	8.406979379107183
6	6.545056273132412
7	5.298738575421105
8	4.524510914721656
9	3.8875040914469876
10++	58.12120754336934
>>END_MODULE
>>Overrepresented sequences	pass
>>END_MODULE
>>Kmer Content	warn
#Sequence	Count	Obs/Exp Overall	Obs/Exp Max	Max Obs/Exp Position
GAAGA	1816950	2.95523	6.4811845	2
TCTTC	1950675	2.672741	5.341157	7
TGATG	1580565	2.5523047	5.429764	4
AAGAA	1747965	2.542243	5.7636986	2
CAACA	1827525	2.5312066	5.983688	1
CTTGG	1438700	2.3975205	7.995684	1
TGTTG	1480675	2.3824062	5.274585	7
TTGGA	1465805	2.3669899	6.394434	2
TGAAG	1430520	2.3183455	5.373636	7
TCCAA	1621615	2.2379372	7.8637595	7
TCTTG	1466170	2.1769495	5.159372	7
CTTCA	1545725	2.125535	6.6301427	1
AACAA	1548805	2.0786867	5.889141	2
CTCCA	1422210	2.0255165	5.870197	1
ATCAA	1495585	2.0000432	6.4236226	6
TCAAG	1326290	1.9834932	5.4092436	7
CTTGA	1305875	1.9459413	6.3031735	1
TTGAT	1320805	1.9003378	5.1496477	3
TTCCA	1293360	1.7785066	5.0121546	6
ATCCA	1271855	1.755245	7.8310113	6
CTCAA	1263970	1.7443631	5.671077	1
TTGAG	1047915	1.6921788	5.021214	7
AAGAT	1156165	1.6754832	5.669865	3
CTTTG	1125480	1.6710975	6.2627063	1
ATTGA	1082395	1.5629389	5.874806	6
TTTGA	1068220	1.5369257	5.576627	2
CAATC	1058145	1.4603108	5.849067	4
CGGCA	800630	1.3868326	5.121697	1
>>END_MODULE
