##FastQC	0.10.1
>>Basic Statistics	pass
#Measure	Value	
Filename	C6D2PACXX_CL10_15s010306-1-1_Ferrante_lane115s010306_sequence.txt	
File type	Conventional base calls	
Encoding	Sanger / Illumina 1.9	
Total Sequences	14333570	
Filtered Sequences	0	
Sequence length	51	
%GC	48	
>>END_MODULE
>>Per base sequence quality	pass
#Base	Mean	Median	Lower Quartile	Upper Quartile	10th Percentile	90th Percentile
1	32.71299508775553	34.0	31.0	34.0	31.0	34.0
2	32.8428568737586	34.0	31.0	34.0	31.0	34.0
3	32.85942566994824	34.0	31.0	34.0	31.0	34.0
4	36.24186144833423	37.0	37.0	37.0	35.0	37.0
5	36.16859484413165	37.0	37.0	37.0	35.0	37.0
6	36.145039791203445	37.0	37.0	37.0	35.0	37.0
7	36.15380090235719	37.0	36.0	37.0	35.0	37.0
8	36.1435548854891	37.0	36.0	37.0	35.0	37.0
9	37.900992355707615	39.0	38.0	39.0	35.0	39.0
10	37.88013774656279	39.0	38.0	39.0	35.0	39.0
11	37.90147988254147	39.0	38.0	39.0	35.0	39.0
12	37.88703051647287	39.0	38.0	39.0	35.0	39.0
13	37.863755086834615	39.0	38.0	39.0	35.0	39.0
14	39.303308247701025	40.0	39.0	41.0	36.0	41.0
15	39.27919269239973	40.0	39.0	41.0	36.0	41.0
16	39.25402003827379	40.0	39.0	41.0	36.0	41.0
17	39.22902898580047	40.0	39.0	41.0	36.0	41.0
18	39.21027922562209	40.0	39.0	41.0	36.0	41.0
19	39.269960170425094	40.0	39.0	41.0	36.0	41.0
20	39.264815394908595	40.0	39.0	41.0	36.0	41.0
21	39.25591740229405	40.0	39.0	41.0	36.0	41.0
22	39.23622084379537	40.0	39.0	41.0	36.0	41.0
23	39.23285008549859	40.0	39.0	41.0	36.0	41.0
24	39.237092643354025	40.0	39.0	41.0	36.0	41.0
25	39.223574936320816	40.0	39.0	41.0	36.0	41.0
26	39.172631800730734	40.0	39.0	41.0	36.0	41.0
27	39.123052456575714	40.0	39.0	41.0	36.0	41.0
28	39.10219575444219	40.0	39.0	41.0	36.0	41.0
29	39.087645715617256	40.0	39.0	41.0	36.0	41.0
30	39.04022766135722	40.0	39.0	41.0	36.0	41.0
31	39.02753215005055	40.0	39.0	41.0	36.0	41.0
32	38.986101857387936	40.0	39.0	41.0	35.0	41.0
33	38.93997678177872	40.0	38.0	41.0	35.0	41.0
34	38.92118341766915	40.0	38.0	41.0	35.0	41.0
35	38.90019067127031	40.0	38.0	41.0	35.0	41.0
36	38.869059836453864	40.0	38.0	41.0	35.0	41.0
37	38.818192955418645	40.0	38.0	41.0	35.0	41.0
38	38.780511484577815	40.0	38.0	41.0	35.0	41.0
39	38.74150759371182	40.0	38.0	41.0	35.0	41.0
40	38.708591648835565	40.0	38.0	41.0	35.0	41.0
41	38.65774416282894	40.0	38.0	41.0	35.0	41.0
42	38.6148682428732	40.0	38.0	41.0	35.0	41.0
43	38.56136831229066	40.0	38.0	41.0	34.0	41.0
44	38.50981820997839	40.0	38.0	41.0	34.0	41.0
45	38.45074025521904	40.0	38.0	41.0	34.0	41.0
46	38.37930376033326	40.0	38.0	41.0	34.0	41.0
47	38.32164575887235	40.0	38.0	41.0	34.0	41.0
48	38.244605007684754	40.0	38.0	41.0	34.0	41.0
49	38.16465674636535	40.0	37.0	41.0	34.0	41.0
50	38.07789957421633	40.0	37.0	41.0	33.0	41.0
51	36.88425563205817	39.0	35.0	40.0	31.0	41.0
>>END_MODULE
>>Per sequence quality scores	pass
#Quality	Count
6	25.0
7	513.0
8	1924.0
9	4602.0
10	4954.0
11	2551.0
12	1108.0
13	645.0
14	453.0
15	449.0
16	466.0
17	415.0
18	446.0
19	698.0
20	1059.0
21	1875.0
22	3430.0
23	6093.0
24	10379.0
25	17205.0
26	27056.0
27	41065.0
28	60460.0
29	85382.0
30	117928.0
31	157246.0
32	206200.0
33	270591.0
34	363365.0
35	504999.0
36	744584.0
37	1225817.0
38	2644253.0
39	7817057.0
40	8277.0
>>END_MODULE
>>Per base sequence content	fail
#Base	G	A	T	C
1	21.364990217044046	14.746852447086148	14.719455563546216	49.168701772323594
2	23.816202870182526	22.374315253404212	35.137965283331894	18.671516593081368
3	22.015687647948138	25.625625716412593	25.735242511112027	26.623444124527246
4	24.820839005215237	29.755514066999762	18.63732073521405	26.786326192570954
5	25.513199960329942	33.79382890522018	20.879606052042732	19.81336508240715
6	19.16162547083525	35.0416121036141	22.580864362472155	23.215898063078495
7	17.943903716938628	16.10446664717862	41.83530690539761	24.116322730485148
8	20.87312511816665	21.09023083572341	27.198450909298938	30.838193136811
9	21.041206063806854	20.84271399239687	30.25637018551554	27.859709758280736
10	21.103246616295543	35.69089342383568	22.37833151021207	20.8275284496567
11	26.405179025666076	24.399958724301847	20.093374057386477	29.101488192645604
12	22.56486778906865	21.33555631400651	27.72290946374696	28.37666643317788
13	21.3771859819485	25.4401789033796	28.844514201544115	24.338120913127785
14	22.913349570274537	25.52316694305745	27.27648450455818	24.286998982109832
15	22.848257621792754	25.297968335871662	26.208369582734797	25.645404459600783
16	23.661584866820267	25.105267116485468	25.662472913122585	25.570675103571677
17	24.485646075719153	25.84009856094133	25.303473332725435	24.370782030614084
18	23.278563212091406	25.592182850773405	25.513635155654278	25.615618781480915
19	23.75288919648071	25.444924048928495	25.280282581380632	25.521904173210164
20	24.23358135798608	25.852605528616508	25.453655859567597	24.460157253829816
21	23.245897231481962	25.685320311021282	26.105892935268738	24.96288952222802
22	23.307768251443143	25.6251114959288	25.682020204021587	25.385100048606468
23	24.144814623033323	26.20392924462945	25.513432153979483	24.137823978357744
24	23.105451049529183	25.901774645116326	25.949438974379724	25.04333533097477
25	23.403506593263227	25.55818962058999	25.548443269890196	25.48986051625659
26	24.13055520671997	26.02171152692313	25.52690917716662	24.320824089190282
27	23.043867178638475	25.581426831013648	26.03491362656366	25.33979236378422
28	23.48451069433149	25.50667705456809	25.625658386275745	25.383153864824674
29	24.286064032142146	25.931607519602025	25.423508388048617	24.35882006020722
30	23.310134618780598	25.78257025774972	25.79594541012145	25.11134971334823
31	23.43896684702848	25.635806278305033	25.589170726662562	25.336056148003923
32	24.298639632673403	26.020572014154503	25.358308576305237	24.322479776866857
33	23.254707882253463	25.676413927945024	25.914107581380012	25.154770608421494
34	23.54667774876851	25.335027279860796	25.579636861143506	25.538658110227185
35	24.409438103541444	25.73818623228513	25.327342056406614	24.52503360776681
36	23.460913643240346	25.455593454996123	25.68395541760407	25.399537484159463
37	23.573039149271874	25.611937064702612	25.354459001153757	25.460564784871764
38	24.34116369927386	25.853928925229685	25.324003951405583	24.480903424090872
39	23.400399874296905	25.577027236298296	25.901641586647724	25.12093130275707
40	23.68630371820119	25.21540601128932	25.715363892161914	25.38292637834757
41	24.209931200782307	25.71856317095847	25.6583005221181	24.413205106141124
42	23.339085520799483	25.55460096623912	26.012994538933594	25.093318974027806
43	23.821605738952027	25.269592439746695	25.58347277368914	25.32532904761214
44	24.477056309070242	25.75013063737785	25.43831718127445	24.334495872277458
45	23.493591921636515	25.443162569851037	25.89708003947812	25.16616546903433
46	23.66838615938015	25.31518664922593	25.46938495304459	25.54704223834933
47	24.385498432769843	25.94657520025719	25.373884576401355	24.294041790571615
48	23.43602442629136	25.649684987687504	25.961788013011283	24.952502573009852
49	23.73908244770842	25.50104405252844	25.340728094954713	25.41914540480843
50	24.52338873089055	25.86134675979685	25.365912432734426	24.24935207657817
51	23.52890046409586	25.451693020633325	25.883694396849226	25.135712118421594
>>END_MODULE
>>Per base GC content	fail
#Base	%GC
1	70.53369198936763
2	42.48771946326389
3	48.63913177247539
4	51.60716519778619
5	45.32656504273709
6	42.37752353391374
7	42.06022644742377
8	51.71131825497765
9	48.90091582208759
10	41.93077506595225
11	55.50666721831168
12	50.94153422224653
13	45.71530689507629
14	47.20034855238437
15	48.49366208139354
16	49.232259970391944
17	48.85642810633324
18	48.89418199357232
19	49.27479336969087
20	48.693738611815895
21	48.20878675370998
22	48.69286830004961
23	48.28263860139107
24	48.14878638050395
25	48.89336710951982
26	48.45137929591025
27	48.3836595424227
28	48.86766455915617
29	48.64488409234936
30	48.42148433212883
31	48.7750229950324
32	48.621119409540256
33	48.409478490674964
34	49.0853358589957
35	48.934471711308255
36	48.860451127399806
37	49.033603934143635
38	48.82206712336473
39	48.52133117705398
40	49.069230096548765
41	48.62313630692343
42	48.43240449482729
43	49.14693478656416
44	48.81155218134771
45	48.65975739067084
46	49.21542839772949
47	48.67954022334146
48	48.38852699930121
49	49.15822785251686
50	48.77274080746872
51	48.66461258251745
>>END_MODULE
>>Per sequence GC content	pass
#GC Content	Count
0	51.0
1	38.0
2	25.0
3	25.0
4	25.0
5	25.0
6	25.0
7	25.5
8	26.0
9	33.0
10	40.0
11	50.5
12	61.0
13	162.5
14	264.0
15	492.5
16	721.0
17	869.5
18	1018.0
19	1570.5
20	2123.0
21	2896.5
22	3670.0
23	5854.0
24	8038.0
25	12519.0
26	25086.5
27	33173.0
28	45554.0
29	57935.0
30	83693.5
31	109452.0
32	146429.0
33	183406.0
34	240680.5
35	297955.0
36	377603.5
37	457252.0
38	557588.5
39	657925.0
40	779483.0
41	901041.0
42	1021498.0
43	1141955.0
44	1239825.5
45	1337696.0
46	1408365.0
47	1479034.0
48	1483374.0
49	1487714.0
50	1451594.0
51	1415474.0
52	1331682.0
53	1247890.0
54	1140491.5
55	1033093.0
56	905070.0
57	777047.0
58	670560.0
59	564073.0
60	487323.5
61	410574.0
62	345223.0
63	279872.0
64	223246.5
65	166621.0
66	133870.5
67	101120.0
68	87786.0
69	74452.0
70	58095.5
71	41739.0
72	31499.5
73	21260.0
74	16754.0
75	8971.5
76	5695.0
77	3939.0
78	2183.0
79	2017.5
80	1852.0
81	1151.0
82	450.0
83	287.0
84	124.0
85	90.0
86	56.0
87	53.5
88	51.0
89	38.0
90	25.0
91	21.5
92	18.0
93	16.0
94	14.0
95	9.5
96	5.0
97	5.5
98	6.0
99	4.5
100	3.0
>>END_MODULE
>>Per base N content	pass
#Base	N-Count
1	0.049694528299649
2	0.016436937901723018
3	0.0
4	0.013304431484968503
5	0.03755519385610145
6	0.0
7	0.0
8	0.0
9	0.0
10	6.488264961206455E-4
11	0.004751084342560856
12	0.0018278767955226785
13	1.6046246678252523E-4
14	0.0
15	0.0
16	0.006865002926695861
17	7.185927860260912E-4
18	0.006118503624707591
19	0.0
20	0.0012767231052696571
21	1.1860269283925778E-4
22	6.06966722177378E-4
23	8.930085107897056E-4
24	0.0
25	0.0
26	0.0011860269283925776
27	0.019764789930212783
28	0.0015976480388347077
29	0.0051417755660313515
30	0.0071370914573271
31	0.02302985229778764
32	0.004206907281298379
33	0.032245979194297024
34	0.012223053991434094
35	0.02995066825640786
36	0.022674044219269867
37	0.05093636825996594
38	0.038399365963957335
39	0.03186226459981707
40	0.03602033547818164
41	0.03228783896824029
42	0.0032929688835370394
43	5.720835772246551E-4
44	0.0
45	0.003962725266629319
46	5.511536902530214E-4
47	1.395325798108915E-5
48	0.001130213896468221
49	0.0
50	5.999900931868334E-4
51	0.07141277434721427
>>END_MODULE
>>Sequence Length Distribution	pass
#Length	Count
51	1.433357E7
>>END_MODULE
>>Sequence Duplication Levels	fail
#Total Duplicate Percentage	72.90030624634805
#Duplication Level	Relative count
1	100.0
2	36.71131908126128
3	20.350490870722084
4	13.90647460011622
5	10.580481389729945
6	8.448787350521455
7	7.113802489525033
8	6.262042389210019
9	5.407223904333731
10++	97.0578340520537
>>END_MODULE
>>Overrepresented sequences	pass
>>END_MODULE
>>Kmer Content	warn
#Sequence	Count	Obs/Exp Overall	Obs/Exp Max	Max Obs/Exp Position
GAAGA	1790175	2.9536073	6.931248	2
AAGAA	1752240	2.6421394	6.099183	2
CTTGG	1617450	2.6240492	9.5471945	1
TCTTC	1936385	2.6026258	5.3567514	7
CAACA	1870995	2.5813599	7.0560675	1
TGATG	1555155	2.5215082	5.412011	4
TGTTG	1525835	2.4524999	5.3429403	7
TTGGA	1506985	2.4434059	6.75925	2
CCAAG	1617285	2.4415045	5.365525	8
CTTCT	1799180	2.4182136	5.9416866	1
TGAAG	1474645	2.411901	5.80002	7
CAAGA	1598095	2.4111218	5.39999	1
TCCAA	1690200	2.311685	8.228798	7
TCTTG	1565330	2.3007352	5.747748	7
CTTCA	1595165	2.162773	8.039116	1
AACAA	1531075	2.1111443	6.603337	2
TCAAG	1387425	2.0751088	5.5613875	7
CTTGA	1398490	2.0735066	7.654696	1
ATCAA	1498035	2.0476615	6.265415	6
CTCCA	1490270	2.0394356	6.8276935	1
TTGAT	1315180	1.9319305	5.3706813	3
CTCCT	1409855	1.9126444	5.3635087	1
CTCAA	1328875	1.8175013	7.0971317	1
TTCAA	1330400	1.8027406	5.271083	2
ATCCA	1306260	1.7865708	7.580675	6
TTCCA	1308670	1.7743343	5.2648497	6
TTGAG	1091040	1.768998	5.082687	7
AAGAT	1159780	1.7336143	5.818573	3
CTTCG	1104720	1.6389008	5.6953597	1
CTTTG	1110430	1.6321193	7.157171	1
ATTGA	1070055	1.5856148	5.68963	6
TTTGA	997465	1.465224	5.656182	2
CGGCA	875530	1.446229	5.2244287	1
CAATC	1017510	1.3916476	5.636054	4
AGATC	852645	1.2752624	5.0689673	4
>>END_MODULE
