##FastQC	0.10.1
>>Basic Statistics	pass
#Measure	Value	
Filename	C6D2PACXX_NoCL9_15s010305-1-1_Ferrante_lane115s010305_sequence.txt	
File type	Conventional base calls	
Encoding	Sanger / Illumina 1.9	
Total Sequences	13016448	
Filtered Sequences	0	
Sequence length	51	
%GC	48	
>>END_MODULE
>>Per base sequence quality	pass
#Base	Mean	Median	Lower Quartile	Upper Quartile	10th Percentile	90th Percentile
1	32.77827583992192	34.0	31.0	34.0	31.0	34.0
2	32.90367387477751	34.0	31.0	34.0	31.0	34.0
3	32.91999460989665	34.0	31.0	34.0	31.0	34.0
4	36.29616505209409	37.0	37.0	37.0	35.0	37.0
5	36.22863603035175	37.0	37.0	37.0	35.0	37.0
6	36.20179975366552	37.0	37.0	37.0	35.0	37.0
7	36.2025557970961	37.0	37.0	37.0	35.0	37.0
8	36.20033629758287	37.0	37.0	37.0	35.0	37.0
9	37.98127038958708	39.0	38.0	39.0	35.0	39.0
10	37.966859545707095	39.0	38.0	39.0	35.0	39.0
11	37.983480977298875	39.0	38.0	39.0	35.0	39.0
12	37.97368936594684	39.0	38.0	39.0	35.0	39.0
13	37.95386498682283	39.0	38.0	39.0	35.0	39.0
14	39.40874031072071	41.0	39.0	41.0	36.0	41.0
15	39.3797274033592	41.0	39.0	41.0	36.0	41.0
16	39.35739988359344	41.0	39.0	41.0	36.0	41.0
17	39.33453796304491	41.0	39.0	41.0	36.0	41.0
18	39.31830250464643	40.0	39.0	41.0	36.0	41.0
19	39.37801841178177	41.0	39.0	41.0	36.0	41.0
20	39.376787814924626	41.0	39.0	41.0	36.0	41.0
21	39.36929145339804	41.0	39.0	41.0	36.0	41.0
22	39.34835632578104	41.0	39.0	41.0	36.0	41.0
23	39.34554472925333	41.0	39.0	41.0	36.0	41.0
24	39.351692566205465	41.0	39.0	41.0	36.0	41.0
25	39.33848627521118	41.0	39.0	41.0	36.0	41.0
26	39.29294666256109	41.0	39.0	41.0	36.0	41.0
27	39.24516734519279	40.0	39.0	41.0	36.0	41.0
28	39.22819013297637	40.0	39.0	41.0	36.0	41.0
29	39.21534507724381	40.0	39.0	41.0	36.0	41.0
30	39.16915382752653	40.0	39.0	41.0	36.0	41.0
31	39.159407389788676	40.0	39.0	41.0	36.0	41.0
32	39.119202181731914	40.0	39.0	41.0	36.0	41.0
33	39.07920056224248	40.0	39.0	41.0	36.0	41.0
34	39.059945309196486	40.0	39.0	41.0	36.0	41.0
35	39.037551796004564	40.0	39.0	41.0	35.0	41.0
36	39.00829934556647	40.0	39.0	41.0	35.0	41.0
37	38.96173756465666	40.0	39.0	41.0	35.0	41.0
38	38.92387746641787	40.0	38.0	41.0	35.0	41.0
39	38.88946177943476	40.0	38.0	41.0	35.0	41.0
40	38.857732078674616	40.0	38.0	41.0	35.0	41.0
41	38.807251333082576	40.0	38.0	41.0	35.0	41.0
42	38.76643374598047	40.0	38.0	41.0	35.0	41.0
43	38.71551209669489	40.0	38.0	41.0	35.0	41.0
44	38.66637680264232	40.0	38.0	41.0	35.0	41.0
45	38.608669507994804	40.0	38.0	41.0	35.0	41.0
46	38.537523063127516	40.0	38.0	41.0	34.0	41.0
47	38.48355595935235	40.0	38.0	41.0	34.0	41.0
48	38.411502815514645	40.0	38.0	41.0	34.0	41.0
49	38.33944390973636	40.0	38.0	41.0	34.0	41.0
50	38.24977697448644	40.0	37.0	41.0	34.0	41.0
51	37.07699197200342	39.0	36.0	40.0	31.0	41.0
>>END_MODULE
>>Per sequence quality scores	pass
#Quality	Count
6	2.0
7	55.0
8	235.0
9	574.0
10	700.0
11	367.0
12	163.0
13	95.0
14	65.0
15	61.0
16	66.0
17	107.0
18	178.0
19	279.0
20	619.0
21	1301.0
22	2633.0
23	4832.0
24	8429.0
25	14085.0
26	22413.0
27	34429.0
28	50761.0
29	72587.0
30	99860.0
31	133410.0
32	175688.0
33	230836.0
34	311044.0
35	432947.0
36	640494.0
37	1057053.0
38	2308443.0
39	7402617.0
40	9020.0
>>END_MODULE
>>Per base sequence content	fail
#Base	G	A	T	C
1	24.498428834516588	14.509942490139524	12.359181781013945	48.632446894329945
2	23.602247705050914	19.57104858401974	35.7662827491611	21.06042096176825
3	23.348020904013136	24.065467015271754	24.866307613259778	27.72020446745533
4	26.955378883400222	28.326944398982995	18.89490260620883	25.822774111407952
5	27.80886735034863	32.146604375142374	20.636155317277595	19.4083729572314
6	21.183905163682134	35.4824372977943	21.60169195159847	21.7319655869251
7	18.72920323578291	18.72036057763224	40.37944145745445	22.170994729130406
8	21.166557881228425	22.356429342321345	28.331039312721874	28.145973463728353
9	21.469351700248794	21.653480273573866	30.76287786038096	26.114290165796383
10	21.176398823389135	35.15373873879411	23.573619000323284	20.09624343749347
11	26.192471750297962	25.662992235360697	20.615342843671318	27.52919317067002
12	23.10760433929592	22.362303075402963	27.16502872225585	27.365063863045265
13	21.982477378015524	25.500584607255245	28.399297779859932	24.1176402348693
14	23.309723205593418	25.630986272138145	27.03540935284342	24.023881169425024
15	23.310253304127208	25.487152869968828	26.167822435122083	25.03477139078188
16	23.98245422766002	25.26816946827554	25.719852020163252	25.029524283901182
17	24.6042187726278	26.15575263255545	25.35103364270077	23.888994952115976
18	23.609638520152114	25.914010317458853	25.718422066798567	24.757929095590463
19	23.82902002143749	25.65098404726082	25.56997116263976	24.950024768661926
20	24.25527344503265	25.892403451868717	25.683587612841606	24.168735490257028
21	23.55593524647878	25.90373631489728	26.151784263509942	24.388544175114
22	23.56158163790547	25.816517341995237	25.934038496110283	24.687862523989004
23	24.047171037650354	26.3709357472927	25.893572455196917	23.688320759860026
24	23.28888034585165	26.13122258852799	26.131906338810712	24.44799072680965
25	23.551509597702843	25.840544209910416	25.899024065551522	24.708922126835215
26	24.19768129280929	26.064063495746296	25.830894405132636	23.907360806311775
27	23.127063713701478	25.881143461158363	26.151785746531566	24.840007078608593
28	23.549854097672736	25.79239076839536	25.96356152566924	24.69419360826266
29	24.196732233885225	26.08197896049902	25.693620286047658	24.027668519568095
30	23.405152940959535	26.078569518757668	25.948247778798784	24.568029761484016
31	23.56818151604405	25.788581845583092	25.943192552804895	24.70004408556796
32	24.124664736202806	26.20238216884465	25.714270348428496	23.95868274652405
33	23.28182526820921	26.07631628840059	26.059040110014216	24.582818333375986
34	23.633373190576684	25.639299989811587	25.7066695392977	25.02065728031403
35	24.24195266832415	26.106811659424405	25.563450008730058	24.087785663521384
36	23.585821332212237	25.99762076690424	25.81129796839989	24.60525993248363
37	23.76112644287964	25.912058738502104	25.595294143329326	24.731520675288927
38	24.234847412941264	26.117387123051483	25.59038606190176	24.0573794021055
39	23.695022600231656	26.006597165011204	25.767929865505256	24.53045036925188
40	23.744068868792183	25.70272266196093	25.818872500401756	24.734335968845127
41	24.384133839517787	25.96947876522206	25.83626451060515	23.81012288465501
42	23.50848232683395	25.907167822013577	26.159142237510068	24.425207613642407
43	23.914241802530892	25.65841538709156	25.912626144088613	24.514716666288937
44	24.55965713534138	25.921449538307222	25.687829736653196	23.831063589698203
45	23.73243182859568	25.788499084348427	26.03322344694952	24.445845640106366
46	23.81217431868662	25.685085554210325	25.80503453843918	24.697705588663872
47	24.29557960752113	26.23566371342838	25.604131880545584	23.864624798504906
48	23.468203527295508	25.98574343374217	26.081753687947696	24.464299351014628
49	23.84612146109292	25.813877948884368	25.640335981060268	24.699664608962447
50	24.357085808040285	26.137146218188867	25.667083782895922	23.838684190874925
51	23.687566362329886	25.974439831013473	26.022943770103783	24.315050036552858
>>END_MODULE
>>Per base GC content	fail
#Base	%GC
1	73.13087572884653
2	44.662668666819165
3	51.068225371468465
4	52.77815299480817
5	47.21724030758003
6	42.91587075060723
7	40.90019796491332
8	49.31253134495678
9	47.58364186604518
10	41.272642260882606
11	53.72166492096798
12	50.47266820234119
13	46.10011761288482
14	47.33360437501844
15	48.345024694909085
16	49.0119785115612
17	48.493213724743775
18	48.36756761574257
19	48.77904479009942
20	48.42400893528968
21	47.94447942159278
22	48.24944416189447
23	47.735491797510385
24	47.736871072661295
25	48.26043172453806
26	48.105042099121064
27	47.967070792310075
28	48.2440477059354
29	48.224400753453324
30	47.97318270244355
31	48.26822560161201
32	48.08334748272686
33	47.8646436015852
34	48.65403047089071
35	48.32973833184553
36	48.19108126469587
37	48.49264711816857
38	48.29222681504676
39	48.22547296948354
40	48.478404837637314
41	48.19425672417279
42	47.933689940476356
43	48.42895846881983
44	48.390720725039586
45	48.17827746870205
46	48.50987990735049
47	48.16020440602603
48	47.93250287831013
49	48.545786070055364
50	48.19576999891521
51	48.00261639888274
>>END_MODULE
>>Per sequence GC content	pass
#GC Content	Count
0	89.0
1	48.5
2	8.0
3	11.0
4	14.0
5	38.0
6	62.0
7	67.5
8	73.0
9	96.0
10	119.0
11	188.0
12	257.0
13	370.0
14	483.0
15	790.5
16	1098.0
17	1379.0
18	1660.0
19	2135.0
20	2610.0
21	3619.0
22	4628.0
23	6702.0
24	8776.0
25	12554.0
26	23006.0
27	29680.0
28	42388.5
29	55097.0
30	80451.0
31	105805.0
32	138474.5
33	171144.0
34	226849.5
35	282555.0
36	352091.0
37	421627.0
38	509590.0
39	597553.0
40	708491.0
41	819429.0
42	940186.0
43	1060943.0
44	1150419.5
45	1239896.0
46	1299451.5
47	1359007.0
48	1372401.5
49	1385796.0
50	1348672.5
51	1311549.0
52	1226712.5
53	1141876.0
54	1039886.0
55	937896.0
56	817723.0
57	697550.0
58	603218.5
59	508887.0
60	430377.5
61	351868.0
62	286048.0
63	220228.0
64	170144.0
65	120060.0
66	93345.0
67	66630.0
68	55079.5
69	43529.0
70	34323.0
71	25117.0
72	19142.0
73	13167.0
74	10116.5
75	5314.5
76	3563.0
77	2422.5
78	1282.0
79	1154.5
80	1027.0
81	657.5
82	288.0
83	175.5
84	63.0
85	47.0
86	31.0
87	24.5
88	18.0
89	11.0
90	4.0
91	3.0
92	2.0
93	2.0
94	2.0
95	2.0
96	2.0
97	1.5
98	1.0
99	1.0
100	1.0
>>END_MODULE
>>Per base N content	pass
#Base	N-Count
1	0.05131200155372649
2	0.016187211749319013
3	0.0
4	0.013505988730566127
5	0.03795198198463974
6	0.0
7	0.0
8	0.0
9	0.0
10	6.146069957026678E-4
11	0.0049706340777453265
12	0.001805408049876587
13	1.3060398658681693E-4
14	0.0
15	0.0
16	0.006845185414638464
17	7.913065069671849E-4
18	0.006453373454878013
19	0.0
20	0.0014904219645789697
21	9.987363680168353E-5
22	5.224159463472677E-4
23	0.0011984836416202023
24	0.0
25	0.0
26	0.001098610004818519
27	0.019905584073320156
28	0.0015826130139343698
29	0.004955268902852759
30	0.007436744648002281
31	0.02396199024495776
32	0.004440535543951776
33	0.033119634480927515
34	0.01279919068550806
35	0.030238664188571258
36	0.023132270800759164
37	0.052141720997925085
38	0.03909668751413596
39	0.032205406574819795
40	0.03693019785428406
41	0.033242555880068046
42	0.003411068826149807
43	6.376547580415179E-4
44	0.0
45	0.004455900718844342
46	6.222895831489513E-4
47	1.5365174892566696E-5
48	9.987363680168354E-4
49	0.0
50	7.067980450580681E-4
51	0.07111771199024496
>>END_MODULE
>>Sequence Length Distribution	pass
#Length	Count
51	1.3016448E7
>>END_MODULE
>>Sequence Duplication Levels	fail
#Total Duplicate Percentage	73.49421402267603
#Duplication Level	Relative count
1	100.0
2	39.875218747622306
3	21.395419615004183
4	14.177889370767708
5	10.43140835425702
6	8.584037130031195
7	6.928402952141824
8	6.02754317887849
9	5.2134215932435515
10++	91.71117705242334
>>END_MODULE
>>Overrepresented sequences	pass
>>END_MODULE
>>Kmer Content	warn
#Sequence	Count	Obs/Exp Overall	Obs/Exp Max	Max Obs/Exp Position
GAAGA	1625215	2.8037877	6.242751	2
TCTTC	1672110	2.5747867	5.279226	7
AAGAA	1617280	2.5687904	5.3092227	2
CTTGG	1423665	2.5146272	9.032008	1
TTGGA	1337335	2.2864041	6.485658	2
TCTTG	1376945	2.2291062	5.494664	7
TCCAA	1396255	2.1695156	6.5149713	7
CTTCA	1329865	2.0570498	5.465538	1
CTTGA	1230210	2.0005722	5.685634	1
CTCCA	1215075	1.9505367	6.633792	1
ATCAA	1273015	1.9146016	5.5037513	6
CTCCT	1141065	1.8234788	5.0782824	1
ATCCA	1081630	1.680648	5.7729435	6
AAGAT	1043425	1.6498479	5.177415	3
CTTTG	979560	1.5857884	5.302868	1
CTTCG	916440	1.5396857	5.0153027	1
ATTGA	951560	1.4978149	5.063868	6
CTGGA	804980	1.4282744	5.10712	1
>>END_MODULE
