##FastQC	0.10.1
>>Basic Statistics	pass
#Measure	Value	
Filename	C6D2PACXX_NoCL16_15s010312-1-1_Ferrante_lane115s010312_sequence.txt	
File type	Conventional base calls	
Encoding	Sanger / Illumina 1.9	
Total Sequences	13745864	
Filtered Sequences	0	
Sequence length	51	
%GC	47	
>>END_MODULE
>>Per base sequence quality	pass
#Base	Mean	Median	Lower Quartile	Upper Quartile	10th Percentile	90th Percentile
1	32.735650956535	34.0	31.0	34.0	31.0	34.0
2	32.864076714275654	34.0	31.0	34.0	31.0	34.0
3	32.88197766251725	34.0	31.0	34.0	31.0	34.0
4	36.25789328339055	37.0	37.0	37.0	35.0	37.0
5	36.18193203424681	37.0	37.0	37.0	35.0	37.0
6	36.16115829459683	37.0	37.0	37.0	35.0	37.0
7	36.16636618840402	37.0	37.0	37.0	35.0	37.0
8	36.15865688762816	37.0	37.0	37.0	35.0	37.0
9	37.9238674993438	39.0	38.0	39.0	35.0	39.0
10	37.90391335168164	39.0	38.0	39.0	35.0	39.0
11	37.92299203600443	39.0	38.0	39.0	35.0	39.0
12	37.912084755094334	39.0	38.0	39.0	35.0	39.0
13	37.88880691675693	39.0	38.0	39.0	35.0	39.0
14	39.34031960450067	41.0	39.0	41.0	36.0	41.0
15	39.319196450655994	41.0	39.0	41.0	36.0	41.0
16	39.291190717440536	41.0	39.0	41.0	36.0	41.0
17	39.27140236510415	40.0	39.0	41.0	36.0	41.0
18	39.25416830837261	40.0	39.0	41.0	36.0	41.0
19	39.313846695995245	41.0	39.0	41.0	36.0	41.0
20	39.311270648392856	41.0	39.0	41.0	36.0	41.0
21	39.301489087917645	40.0	39.0	41.0	36.0	41.0
22	39.282672373304436	40.0	39.0	41.0	36.0	41.0
23	39.278928047011085	40.0	39.0	41.0	36.0	41.0
24	39.28632881861773	41.0	39.0	41.0	36.0	41.0
25	39.27094069896225	41.0	39.0	41.0	36.0	41.0
26	39.223561138099434	40.0	39.0	41.0	36.0	41.0
27	39.17640193442915	40.0	39.0	41.0	36.0	41.0
28	39.15610368326065	40.0	39.0	41.0	36.0	41.0
29	39.139975995688594	40.0	39.0	41.0	36.0	41.0
30	39.09752271665135	40.0	39.0	41.0	36.0	41.0
31	39.083719873847144	40.0	39.0	41.0	36.0	41.0
32	39.04385799248414	40.0	39.0	41.0	36.0	41.0
33	39.00313687084348	40.0	39.0	41.0	35.0	41.0
34	38.98356902119794	40.0	39.0	41.0	35.0	41.0
35	38.9640966911938	40.0	39.0	41.0	35.0	41.0
36	38.937107991174656	40.0	39.0	41.0	35.0	41.0
37	38.88819480536109	40.0	38.0	41.0	35.0	41.0
38	38.85303702990223	40.0	38.0	41.0	35.0	41.0
39	38.81911431685924	40.0	38.0	41.0	35.0	41.0
40	38.788819385962206	40.0	38.0	41.0	35.0	41.0
41	38.74265473599913	40.0	38.0	41.0	35.0	41.0
42	38.70730650325072	40.0	38.0	41.0	35.0	41.0
43	38.657653022029024	40.0	38.0	41.0	35.0	41.0
44	38.6152852232497	40.0	38.0	41.0	35.0	41.0
45	38.564433490684905	40.0	38.0	41.0	35.0	41.0
46	38.50383322576158	40.0	38.0	41.0	34.0	41.0
47	38.45264248213135	40.0	38.0	41.0	34.0	41.0
48	38.38988062154551	40.0	38.0	41.0	34.0	41.0
49	38.31616652107136	40.0	38.0	41.0	34.0	41.0
50	38.2416996123343	40.0	37.0	41.0	34.0	41.0
51	37.063935449965165	39.0	36.0	40.0	31.0	41.0
>>END_MODULE
>>Per sequence quality scores	pass
#Quality	Count
6	37.0
7	659.0
8	2610.0
9	6014.0
10	6421.0
11	3164.0
12	1344.0
13	802.0
14	650.0
15	518.0
16	508.0
17	528.0
18	606.0
19	736.0
20	1123.0
21	1875.0
22	3223.0
23	5789.0
24	9550.0
25	15585.0
26	24511.0
27	37407.0
28	54509.0
29	77858.0
30	107264.0
31	143697.0
32	188644.0
33	247605.0
34	333700.0
35	464688.0
36	678837.0
37	1108955.0
38	2407094.0
39	7798892.0
40	10461.0
>>END_MODULE
>>Per base sequence content	fail
#Base	G	A	T	C
1	22.856961096493368	14.76707325976318	15.481329183187295	46.89463646055616
2	23.623493424712255	22.211604681629613	35.03993340854461	19.124968485113513
3	21.702113450271295	25.689887518165467	25.67254411945295	26.93545491211029
4	24.42423918314574	29.860174789698302	19.378308047652983	26.337277979502975
5	25.01011420408328	33.83269858318177	21.437396697387598	19.719790515347356
6	19.27017465035301	35.613461620164436	22.843373104811747	22.27299062467081
7	17.672203071411154	16.930147133712367	42.05503560925672	23.342614185619762
8	20.874489955669574	21.800528508066137	27.58912062566602	29.735860910598273
9	21.172834243085774	21.541010445032775	30.1624837842132	27.123671527668247
10	20.767249405599305	36.466717271295956	22.80878535940272	19.957247963702017
11	25.83321050262906	25.3047789898529	20.55769844409753	28.30431206342051
12	22.313933907494704	22.091259225761704	27.86900809734713	27.72579876939646
13	21.14250370621059	26.109393339631477	29.05913539261243	23.6889675615455
14	22.46047974867204	26.112465538724955	27.643267822233653	23.783786890369353
15	22.66972087021958	25.77714285548002	26.556482735461373	24.996653538839027
16	23.221649636420423	25.803407659547474	26.12185399646515	24.853088707566954
17	23.913392360496275	26.389428247048073	25.767622049617913	23.929557342837743
18	22.821121191719275	26.274737937088606	26.049412069073647	24.854728802118476
19	23.18421017405672	26.21672235372036	25.79277664903421	24.806290823188707
20	23.809813770648752	26.396116308499725	25.796320809039347	23.99774911181218
21	22.846021582506147	26.332912721689556	26.33930010173976	24.481765594064537
22	22.8242409366243	26.36740604704466	26.114441302714596	24.69391171361644
23	23.526863378065073	26.679713635974423	26.032843238997792	23.76057974696271
24	22.77336659230733	26.542427598585288	26.214998198730903	24.469207610376472
25	22.919737893522008	26.39862434256588	25.989541290383784	24.692096473528327
26	23.511427123912643	26.705447719129367	25.957556521610076	23.825568635347917
27	22.7644865162253	26.28795612160395	26.364380077148684	24.58317728502206
28	22.92009623999937	26.212275663345082	26.23701078655073	24.63061731010482
29	23.702698958876557	26.48269004227818	25.938527271288088	23.87608372755718
30	22.8662253278393	26.3424961389158	26.221578069565577	24.569700463679325
31	23.048033041294122	26.312060757816536	26.041041404145847	24.598864796743488
32	23.688200783975926	26.61629558278745	25.947224218861404	23.74827941437522
33	22.851049036697418	26.362647375750846	26.225753695732745	24.56054989181899
34	23.19145552144494	26.13860971201325	25.945211403755515	24.724723362786296
35	23.797435763834816	26.443241547076347	25.876860659094742	23.8824620299941
36	22.993116929535848	26.30864348093359	26.161292566586603	24.536947022943956
37	23.168940175129457	26.260392957118157	25.996446110712686	24.574220757039704
38	23.80978407492042	26.48737645420821	25.870938382174284	23.831901088697087
39	23.049232809530906	26.269716818342708	26.24052800961288	24.440522362513505
40	23.132842757608657	26.154734688406013	26.128215245884867	24.584207308100467
41	23.79512226290347	26.39483499644028	26.062645397081447	23.747397343574807
42	22.995297483391905	26.19325322220384	26.360247198227537	24.451202096176715
43	23.22952869420591	26.103106922418206	26.117176685892673	24.55018769748321
44	23.904514114209192	26.391233028349475	25.970517386175217	23.733735471266122
45	23.15576600084131	26.168785920601202	26.242273146657396	24.43317493190009
46	23.308901574811742	26.130118574659694	25.991203111939164	24.5697767385894
47	23.94800151114579	26.456429320797003	25.869721802075546	23.725847365981657
48	23.08102057286004	26.246425162837827	26.277809452258303	24.394744812043825
49	23.269857755030895	26.167391151258297	26.00201777058175	24.560733323129053
50	23.87857088190951	26.36260887354097	26.037577831250413	23.721242413299105
51	23.191574972879714	26.18007375786317	26.265884596761495	24.36246667249562
>>END_MODULE
>>Per base GC content	fail
#Base	%GC
1	69.75159755704952
2	42.74846190982577
3	48.637568362381586
4	50.761517162648715
5	44.72990471943063
6	41.54316527502382
7	41.01481725703092
8	50.61035086626785
9	48.296505770754024
10	40.72449736930132
11	54.137522566049576
12	50.03973267689117
13	44.83147126775609
14	46.244266639041385
15	47.66637440905861
16	48.07473834398738
17	47.842949703334014
18	47.67584999383775
19	47.99050099724543
20	47.80756288246093
21	47.32778717657069
22	47.518152650240744
23	47.287443125027785
24	47.2425742026838
25	47.611834367050335
26	47.33699575926056
27	47.347663801247364
28	47.5507135501042
29	47.57878268643373
30	47.43592579151862
31	47.64689783803761
32	47.43648019835115
33	47.411598928516405
34	47.916178884231236
35	47.679897793828914
36	47.5300639524798
37	47.74316093216916
38	47.6416851636175
39	47.48975517204441
40	47.717050065709124
41	47.54251960647828
42	47.446499579568616
43	47.77971639168912
44	47.638249585475315
45	47.5889409327414
46	47.87867831340114
47	47.67384887712745
48	47.475765384903866
49	47.83059107815995
50	47.59981329520862
51	47.554041645375335
>>END_MODULE
>>Per sequence GC content	pass
#GC Content	Count
0	109.0
1	68.5
2	28.0
3	25.5
4	23.0
5	24.0
6	25.0
7	25.0
8	25.0
9	37.5
10	50.0
11	79.0
12	108.0
13	160.5
14	213.0
15	395.5
16	578.0
17	882.5
18	1187.0
19	1816.0
20	2445.0
21	3354.5
22	4264.0
23	6667.5
24	9071.0
25	13302.0
26	25162.5
27	32792.0
28	46722.0
29	60652.0
30	87372.5
31	114093.0
32	156469.5
33	198846.0
34	266814.0
35	334782.0
36	426485.0
37	518188.0
38	633945.5
39	749703.0
40	873605.0
41	997507.0
42	1115923.0
43	1234339.0
44	1320226.5
45	1406114.0
46	1443650.0
47	1481186.0
48	1462301.0
49	1443416.0
50	1381520.0
51	1319624.0
52	1220426.0
53	1121228.0
54	1005782.0
55	890336.0
56	765855.0
57	641374.0
58	543710.5
59	446047.0
60	370965.0
61	295883.0
62	237846.0
63	179809.0
64	139235.0
65	98661.0
66	79254.5
67	59848.0
68	49255.0
69	38662.0
70	30612.0
71	22562.0
72	17375.5
73	12189.0
74	9344.0
75	4840.5
76	3182.0
77	2162.5
78	1143.0
79	989.0
80	835.0
81	579.0
82	323.0
83	234.0
84	145.0
85	115.0
86	85.0
87	70.0
88	55.0
89	45.0
90	35.0
91	33.0
92	31.0
93	23.0
94	15.0
95	10.5
96	6.0
97	6.0
98	6.0
99	5.0
100	4.0
>>END_MODULE
>>Per base N content	pass
#Base	N-Count
1	0.05260491446736269
2	0.017161525823331296
3	0.0
4	0.013960562973706127
5	0.03846247860447332
6	0.0
7	0.0
8	0.0
9	0.0
10	6.256427387903736E-4
11	0.004786894443303091
12	0.0018260038073998116
13	1.3094848021193866E-4
14	0.0
15	0.0
16	0.007311290145166576
17	7.420413878676524E-4
18	0.006416475530384994
19	0.0
20	0.0013022098865520565
21	6.547424010596933E-5
22	5.456186675497444E-4
23	0.0010403129261281794
24	0.0
25	0.0
26	0.0010766875039648289
27	0.020304289348417822
28	0.001658680749351223
29	0.005179739883938907
30	0.007420413878676524
31	0.024029046118890746
32	0.00395755406862748
33	0.03304994142237985
34	0.012294607308787573
35	0.030758343018670926
36	0.022988733192762564
37	0.05174647443041776
38	0.038637076578089236
39	0.03125303727724936
40	0.036389127667784286
41	0.033573735343227606
42	0.0033319113298371063
43	5.456186675497444E-4
44	0.0
45	0.004495897820609894
46	6.83842063329013E-4
47	2.1824746701989777E-5
48	9.675637704548801E-4
49	0.0
50	7.274915567329926E-4
51	0.07156334443582447
>>END_MODULE
>>Sequence Length Distribution	pass
#Length	Count
51	1.3745864E7
>>END_MODULE
>>Sequence Duplication Levels	fail
#Total Duplicate Percentage	66.76675335713857
#Duplication Level	Relative count
1	100.0
2	41.63990937269783
3	23.08216226735054
4	15.28571230001529
5	11.428492000611595
6	8.854231822414967
7	6.959676410491639
8	5.764285615000764
9	5.052611094894569
10++	59.930778533005295
>>END_MODULE
>>Overrepresented sequences	pass
>>END_MODULE
>>Kmer Content	warn
#Sequence	Count	Obs/Exp Overall	Obs/Exp Max	Max Obs/Exp Position
GAAGA	1808090	2.9878933	6.543707	2
TCTTC	1944405	2.7399027	5.5758686	7
AAGAA	1759195	2.554111	5.5399346	2
CTTCT	1767395	2.4904742	5.8889017	1
CAACA	1755090	2.4783905	6.121623	1
TGTTG	1437895	2.3711019	5.038231	7
CTTGG	1316380	2.2855651	7.905741	1
TTGGA	1366765	2.2554035	5.8326693	2
TCTTG	1430600	2.18074	5.199566	7
TCCAA	1512735	2.134646	7.3292093	7
CTTCA	1493955	2.106654	7.2223935	1
AACAA	1522945	2.0439613	5.7752132	2
CTCCA	1365175	2.0269046	6.8858128	1
ATCAA	1491420	2.000235	6.12967	6
CTCCT	1300180	1.9290397	5.6825876	1
TCAAG	1260185	1.9236882	5.0347886	7
CTTGA	1250700	1.9078586	6.579492	1
CTCAA	1234575	1.7421297	6.554408	1
CTTTG	1140150	1.7379917	6.731877	1
ATCCA	1216240	1.716257	6.984442	6
AAGAT	1180235	1.712328	5.3621354	3
TTTGA	1103205	1.5983064	5.291473	2
ATTGA	1062205	1.5399954	5.574487	6
CAATC	1076540	1.5191239	5.7851634	4
>>END_MODULE
