##FastQC	0.10.1
>>Basic Statistics	pass
#Measure	Value	
Filename	C6D2PACXX_CL17_15s010313-1-1_Ferrante_lane115s010313_sequence.txt	
File type	Conventional base calls	
Encoding	Sanger / Illumina 1.9	
Total Sequences	12981433	
Filtered Sequences	0	
Sequence length	51	
%GC	47	
>>END_MODULE
>>Per base sequence quality	pass
#Base	Mean	Median	Lower Quartile	Upper Quartile	10th Percentile	90th Percentile
1	32.76152378554818	34.0	31.0	34.0	31.0	34.0
2	32.89257041191061	34.0	31.0	34.0	31.0	34.0
3	32.910653546492135	34.0	31.0	34.0	31.0	34.0
4	36.285100111828946	37.0	37.0	37.0	35.0	37.0
5	36.20904772223529	37.0	37.0	37.0	35.0	37.0
6	36.18751404409667	37.0	37.0	37.0	35.0	37.0
7	36.19192927313957	37.0	37.0	37.0	35.0	37.0
8	36.186680160811214	37.0	37.0	37.0	35.0	37.0
9	37.954883871449326	39.0	38.0	39.0	35.0	39.0
10	37.93350341214256	39.0	38.0	39.0	35.0	39.0
11	37.95448052614839	39.0	38.0	39.0	35.0	39.0
12	37.93951307224711	39.0	38.0	39.0	35.0	39.0
13	37.91951096616221	39.0	38.0	39.0	35.0	39.0
14	39.36799897207034	41.0	39.0	41.0	36.0	41.0
15	39.34183891716731	41.0	39.0	41.0	36.0	41.0
16	39.317648367479926	41.0	39.0	41.0	36.0	41.0
17	39.29666655445512	40.0	39.0	41.0	36.0	41.0
18	39.2784887461962	40.0	39.0	41.0	36.0	41.0
19	39.34096305084346	41.0	39.0	41.0	36.0	41.0
20	39.33590821598818	41.0	39.0	41.0	36.0	41.0
21	39.32837237614676	40.0	39.0	41.0	36.0	41.0
22	39.30790036816428	40.0	39.0	41.0	36.0	41.0
23	39.309511361342004	40.0	39.0	41.0	36.0	41.0
24	39.31324130394541	41.0	39.0	41.0	36.0	41.0
25	39.29820074563417	41.0	39.0	41.0	36.0	41.0
26	39.25305272538093	40.0	39.0	41.0	36.0	41.0
27	39.20610297799942	40.0	39.0	41.0	36.0	41.0
28	39.185254432234096	40.0	39.0	41.0	36.0	41.0
29	39.17209217195051	40.0	39.0	41.0	36.0	41.0
30	39.13075020300147	40.0	39.0	41.0	36.0	41.0
31	39.11638630342274	40.0	39.0	41.0	36.0	41.0
32	39.078026285695884	40.0	39.0	41.0	36.0	41.0
33	39.03987641426028	40.0	39.0	41.0	36.0	41.0
34	39.01659177380494	40.0	39.0	41.0	35.0	41.0
35	38.9964626401415	40.0	39.0	41.0	35.0	41.0
36	38.96820674574217	40.0	39.0	41.0	35.0	41.0
37	38.92210482463685	40.0	38.0	41.0	35.0	41.0
38	38.888989451318665	40.0	38.0	41.0	35.0	41.0
39	38.85644666501764	40.0	38.0	41.0	35.0	41.0
40	38.82666613154341	40.0	38.0	41.0	35.0	41.0
41	38.78277852683906	40.0	38.0	41.0	35.0	41.0
42	38.74700358581368	40.0	38.0	41.0	35.0	41.0
43	38.69755742682645	40.0	38.0	41.0	35.0	41.0
44	38.652414567790785	40.0	38.0	41.0	35.0	41.0
45	38.60016833272567	40.0	38.0	41.0	35.0	41.0
46	38.53591387021756	40.0	38.0	41.0	34.0	41.0
47	38.48974824274023	40.0	38.0	41.0	34.0	41.0
48	38.423830327514686	40.0	38.0	41.0	34.0	41.0
49	38.35585401087846	40.0	38.0	41.0	34.0	41.0
50	38.27886066199317	40.0	38.0	41.0	34.0	41.0
51	37.1128127380082	39.0	36.0	40.0	31.0	41.0
>>END_MODULE
>>Per sequence quality scores	pass
#Quality	Count
6	20.0
7	251.0
8	1105.0
9	2558.0
10	2697.0
11	1431.0
12	570.0
13	380.0
14	235.0
15	246.0
16	239.0
17	230.0
18	281.0
19	428.0
20	805.0
21	1472.0
22	2836.0
23	5001.0
24	8727.0
25	14340.0
26	22614.0
27	35038.0
28	51127.0
29	72812.0
30	100545.0
31	134910.0
32	177535.0
33	232085.0
34	312481.0
35	435789.0
36	641257.0
37	1047867.0
38	2294392.0
39	7370226.0
40	8903.0
>>END_MODULE
>>Per base sequence content	fail
#Base	G	A	T	C
1	22.719624968188054	14.603035480010846	16.55285530609373	46.12448424570737
2	23.441985630496205	22.08703509505487	35.321592632202695	19.14938664224623
3	22.054244704725587	25.818736652571406	25.800911193702575	26.32610744900043
4	24.47561213318428	30.39151407476804	19.298075982252165	25.834797809795518
5	25.29629879655634	34.08410234311014	21.162826935116506	19.456771925217016
6	19.213680030548243	35.69516554913468	22.66695826262016	22.424196157696922
7	17.370763304790774	16.3920732017798	42.99999853637114	23.237164957058283
8	20.665284025269013	21.294189940355583	27.782957397692538	30.25756863668287
9	21.276202711981025	21.286193904786938	30.211179305089047	27.22642407814299
10	20.72400602833787	36.974249839539105	22.605196252225117	19.696547879897906
11	25.72348740732592	25.4321734624128	20.469821639445396	28.374517490815887
12	22.315640253794797	21.983290291587927	28.27845754736312	27.42261190725415
13	21.14030104886879	25.958543499190455	29.61188973712725	23.2892657148135
14	22.527166299745183	26.066867964422723	27.912873717408548	23.493092018423546
15	22.748027894917303	25.8179046951134	26.826183211052278	24.607884198917024
16	23.379095513544723	25.791364980511172	26.378252326660384	24.451287179283717
17	23.85239487639872	26.587197714133936	25.862357177665352	23.698050231801993
18	22.98091652892912	26.405256149462986	26.182184882753923	24.431642438853967
19	23.254951899378135	26.264712069923252	26.026440994611306	24.45389503608731
20	23.72512035632946	26.34257345886315	26.135967698013555	23.796338486793832
21	22.960522950654997	26.41062423390484	26.55112508527575	24.077727730164415
22	22.810577578010786	26.575202602257114	26.421089153620898	24.193130666111205
23	23.399498385135388	26.768150799374546	26.354994124613658	23.477356690876412
24	22.886980197024474	26.70269145170645	26.287352097414825	24.122976253854254
25	22.914473309687764	26.73818059993839	26.12254748763099	24.224798602742855
26	23.50297686383599	26.707014000700546	26.18671087802673	23.603298257436727
27	22.77178457636499	26.440454421581904	26.483801790802637	24.30395921125047
28	22.85565961529958	26.385328402927982	26.571705366938602	24.18730661483383
29	23.51466009407907	26.621976501725662	26.15627269942037	23.707090704774895
30	22.830703764290526	26.520567000198913	26.31392553758135	24.33480369792921
31	22.92031551811591	26.381605312026547	26.386698390148123	24.311380779709424
32	23.494053450422385	26.613801258141873	26.212388072958635	23.6797572184771
33	22.748308954641917	26.523774810860296	26.44216231877804	24.28575391571975
34	23.120636451948187	26.317595919762603	26.119981666944405	24.441785961344802
35	23.60568593612792	26.704626538539898	26.04129711862719	23.648390406704987
36	22.980185140866677	26.62989902794187	26.252172641369437	24.137743189822015
37	23.10438170590232	26.535973987657886	26.214457542349134	24.145186764090663
38	23.614433486865817	26.58440044305022	26.120859186984504	23.68030688309946
39	23.25807245054999	26.411998815166243	26.207218917147017	24.12270981713675
40	22.931357659670677	26.442045833894596	26.22149791951342	24.40509858692131
41	23.68993639419785	26.48186600445492	26.297348918303744	23.530848683043494
42	23.01953923913607	26.38923929399314	26.447894219608692	24.143327247262096
43	23.17609662221884	26.47444081753517	26.223881592701908	24.12558096754408
44	23.84695125723023	26.419209651199527	26.193849323106317	23.53998976846393
45	23.10251393220146	26.36712603649408	26.42297732999849	24.107382701305973
46	23.264999749255992	26.316288569609043	26.228377951258906	24.19033372987606
47	23.83001682557833	26.59199382255848	25.906429694241602	23.67155965762159
48	23.057557345772153	26.42328420650109	26.38949713576386	24.129661311962895
49	23.35069633683739	26.355218256720963	26.13185308586502	24.162232320576628
50	23.74422508815905	26.563473631089852	26.05735590096174	23.634945379789354
51	23.289969198662615	26.319240182285704	26.399612277488938	23.99117834156275
>>END_MODULE
>>Per base GC content	fail
#Base	%GC
1	68.84410921389542
2	42.59137227274244
3	48.38035215372602
4	50.310409942979796
5	44.753070721773355
6	41.637876188245166
7	40.60792826184906
8	50.92285266195188
9	48.50262679012402
10	40.42055390823578
11	54.0980048981418
12	49.738252161048955
13	44.429566763682296
14	46.02025831816873
15	47.35591209383433
16	47.830382692828444
17	47.55044510820071
18	47.412558967783085
19	47.708846935465445
20	47.52145884312329
21	47.03825068081941
22	47.00370824412199
23	46.8768550760118
24	47.009956450878725
25	47.13927191243062
26	47.106275121272716
27	47.07574378761546
28	47.042966230133416
29	47.22175079885397
30	47.165507462219736
31	47.23169629782533
32	47.173810668899485
33	47.034062870361666
34	47.56242241329299
35	47.25407634283291
36	47.11792833068869
37	47.24956846999298
38	47.294740369965275
39	47.38078226768675
40	47.33645624659199
41	47.22078507724134
42	47.162866486398165
43	47.301677589762924
44	47.386941025694156
45	47.209896633507434
46	47.45533347913205
47	47.50157648319992
48	47.187218657735045
49	47.512928657414015
50	47.379170467948406
51	47.28114754022536
>>END_MODULE
>>Per sequence GC content	pass
#GC Content	Count
0	57.0
1	41.5
2	26.0
3	20.5
4	15.0
5	73.0
6	131.0
7	93.5
8	56.0
9	91.5
10	127.0
11	197.5
12	268.0
13	365.5
14	463.0
15	824.0
16	1185.0
17	1427.0
18	1669.0
19	2449.5
20	3230.0
21	4104.5
22	4979.0
23	7107.0
24	9235.0
25	12686.0
26	23055.5
27	29974.0
28	43973.0
29	57972.0
30	87815.0
31	117658.0
32	160731.0
33	203804.0
34	274073.0
35	344342.0
36	422695.5
37	501049.0
38	609880.5
39	718712.0
40	837223.0
41	955734.0
42	1078841.5
43	1201949.0
44	1282282.5
45	1362616.0
46	1385986.0
47	1409356.0
48	1394921.5
49	1380487.0
50	1313428.0
51	1246369.0
52	1141576.0
53	1036783.0
54	925560.5
55	814338.0
56	696183.5
57	578029.0
58	490264.0
59	402499.0
60	328396.0
61	254293.0
62	200668.0
63	147043.0
64	111640.5
65	76238.0
66	60037.5
67	43837.0
68	35472.0
69	27107.0
70	21510.0
71	15913.0
72	12350.5
73	8788.0
74	6733.0
75	3548.5
76	2419.0
77	1618.0
78	817.0
79	739.0
80	661.0
81	430.0
82	199.0
83	137.5
84	76.0
85	62.0
86	48.0
87	37.0
88	26.0
89	21.0
90	16.0
91	12.0
92	8.0
93	6.5
94	5.0
95	5.0
96	5.0
97	4.5
98	4.0
99	3.5
100	3.0
>>END_MODULE
>>Per base N content	pass
#Base	N-Count
1	0.05197423119620152
2	0.016485082964261343
3	0.0
4	0.014043133758807677
5	0.03855506553090094
6	0.0
7	0.0
8	0.0
9	0.0
10	5.93154854321553E-4
11	0.004560359399459212
12	0.0018256844217429615
13	1.463628861312923E-4
14	0.0
15	0.0
16	0.007071638393080332
17	7.318144306564615E-4
18	0.00637834051140579
19	0.0
20	0.0014482222417201553
21	1.3095626653852467E-4
22	6.70187952285391E-4
23	0.001224826257625025
24	0.0
25	0.0
26	0.001186309708643106
27	0.01972047307874254
28	0.001656211606222518
29	0.005007151367649473
30	0.007541540290659745
31	0.02337184192222846
32	0.00419060052923279
33	0.03276217656402032
34	0.012325295674214087
35	0.02980410560220894
36	0.02304059960098396
37	0.051373373032083586
38	0.038716835036625
39	0.03146802051822784
40	0.03590512696094491
41	0.03323978177139612
42	0.0032816099732595003
43	5.469349955432502E-4
44	0.0
45	0.004113567431268951
46	5.084184465613311E-4
47	5.392316857468663E-5
48	0.0010476501323081974
49	0.0
50	5.084184465613311E-4
51	0.07140197850268148
>>END_MODULE
>>Sequence Length Distribution	pass
#Length	Count
51	1.2981433E7
>>END_MODULE
>>Sequence Duplication Levels	fail
#Total Duplicate Percentage	65.67303352607064
#Duplication Level	Relative count
1	100.0
2	36.599645253718016
3	19.720668312226344
4	12.628223415735354
5	8.841368874114686
6	6.9001872961139155
7	5.582912640627132
8	4.543481226975602
9	3.767008595775294
10++	49.49082745190459
>>END_MODULE
>>Overrepresented sequences	pass
>>END_MODULE
>>Kmer Content	warn
#Sequence	Count	Obs/Exp Overall	Obs/Exp Max	Max Obs/Exp Position
GAAGA	1589405	2.7572975	6.0104733	2
TCTTC	1736745	2.588778	5.600279	7
AAGAA	1594860	2.4186552	5.186516	2
CAACA	1540750	2.3273897	5.639403	1
CTTGG	1226325	2.2508376	8.007919	1
TTGGA	1245140	2.1409922	5.9375896	2
TCTTG	1309485	2.0917768	5.248757	7
TCCAA	1336890	2.0105112	7.6241302	7
CTTCA	1338645	2.004242	6.7397103	1
AACAA	1376240	1.9475539	5.432203	2
ATCAA	1356695	1.9113994	6.1687207	6
CTCCA	1183250	1.8994547	6.1788216	1
CTTGA	1152440	1.8490946	6.3761997	1
TCAAG	1140375	1.8378692	5.1175632	7
TTCCA	1150705	1.7228551	5.118046	6
CTTTG	1055555	1.6861479	6.4186187	1
CTCAA	1112050	1.6723806	6.087713	1
TTTGA	1095710	1.6397164	5.4053864	2
AAGAT	1080595	1.6315045	5.2220116	3
ATCCA	1062140	1.5973223	7.1280785	6
ATTGA	953525	1.4332808	5.3978353	6
CTTCG	836580	1.4328145	5.063548	1
CAATC	932615	1.4025335	5.4980063	4
CGGCA	635000	1.25518	5.0098777	1
>>END_MODULE
