##FastQC	0.10.1
>>Basic Statistics	pass
#Measure	Value	
Filename	CL10_fastq-q-filt.txt	
File type	Conventional base calls	
Encoding	Sanger / Illumina 1.9	
Total Sequences	13684698	
Filtered Sequences	0	
Sequence length	50-51	
%GC	48	
>>END_MODULE
>>Per base sequence quality	pass
#Base	Mean	Median	Lower Quartile	Upper Quartile	10th Percentile	90th Percentile
1	32.91732707583317	34.0	31.0	34.0	31.0	34.0
2	33.05368456066769	34.0	31.0	34.0	31.0	34.0
3	33.07849972282911	34.0	33.0	34.0	31.0	34.0
4	36.45483597811219	37.0	37.0	37.0	35.0	37.0
5	36.39088922532306	37.0	37.0	37.0	35.0	37.0
6	36.37405670187241	37.0	37.0	37.0	35.0	37.0
7	36.376967909704696	37.0	37.0	37.0	35.0	37.0
8	36.37144524490054	37.0	37.0	37.0	35.0	37.0
9	38.175675853424025	39.0	38.0	39.0	37.0	39.0
10	38.158091322146824	39.0	38.0	39.0	37.0	39.0
11	38.183042694840616	39.0	38.0	39.0	37.0	39.0
12	38.170522287009916	39.0	38.0	39.0	37.0	39.0
13	38.148496152417835	39.0	38.0	39.0	37.0	39.0
14	39.63179713574973	41.0	39.0	41.0	37.0	41.0
15	39.609173618592095	41.0	39.0	41.0	37.0	41.0
16	39.58743590834084	41.0	39.0	41.0	37.0	41.0
17	39.565662318598484	41.0	39.0	41.0	37.0	41.0
18	39.54915855651327	41.0	39.0	41.0	37.0	41.0
19	39.60592005757087	41.0	39.0	41.0	37.0	41.0
20	39.603480982919756	41.0	39.0	41.0	37.0	41.0
21	39.59686256868803	41.0	39.0	41.0	37.0	41.0
22	39.58168854000286	41.0	39.0	41.0	37.0	41.0
23	39.58240137999392	41.0	39.0	41.0	37.0	41.0
24	39.59054076312097	41.0	39.0	41.0	37.0	41.0
25	39.580738354620614	41.0	39.0	41.0	37.0	41.0
26	39.557504959188726	41.0	39.0	41.0	37.0	41.0
27	39.52765249185623	40.0	39.0	41.0	37.0	41.0
28	39.516439091312066	40.0	39.0	41.0	37.0	41.0
29	39.50698612420968	40.0	39.0	41.0	37.0	41.0
30	39.47095493082858	40.0	39.0	41.0	37.0	41.0
31	39.46789516290385	40.0	39.0	41.0	37.0	41.0
32	39.43305595782969	40.0	39.0	41.0	37.0	41.0
33	39.4003680607347	40.0	39.0	41.0	37.0	41.0
34	39.38594567450447	40.0	39.0	41.0	37.0	41.0
35	39.37424421057739	40.0	39.0	41.0	36.0	41.0
36	39.34810486866426	40.0	39.0	41.0	36.0	41.0
37	39.31026435512132	40.0	39.0	41.0	36.0	41.0
38	39.278310708793136	40.0	39.0	41.0	36.0	41.0
39	39.245610462138075	40.0	39.0	41.0	36.0	41.0
40	39.217653542664955	40.0	39.0	41.0	36.0	41.0
41	39.172583128980996	40.0	39.0	41.0	36.0	41.0
42	39.1292404114435	40.0	38.0	41.0	36.0	41.0
43	39.07689603380359	40.0	38.0	41.0	35.0	41.0
44	39.024814139120934	40.0	38.0	41.0	35.0	41.0
45	38.96847968438909	40.0	38.0	41.0	35.0	41.0
46	38.90233865592065	40.0	38.0	41.0	35.0	41.0
47	38.84694642147017	40.0	38.0	41.0	35.0	41.0
48	38.771946373971865	40.0	38.0	41.0	35.0	41.0
49	38.69522257634038	40.0	38.0	41.0	35.0	41.0
50	38.613012066470155	40.0	38.0	41.0	35.0	41.0
51	37.6454811964216	39.0	36.0	40.0	33.0	41.0
>>END_MODULE
>>Per sequence quality scores	pass
#Quality	Count
26	2.0
27	17.0
28	188.0
29	1983.0
30	12819.0
31	50172.0
32	126421.0
33	228328.0
34	345344.0
35	496570.0
36	739377.0
37	1221901.0
38	2640423.0
39	7812886.0
40	8267.0
>>END_MODULE
>>Per base sequence content	fail
#Base	G	A	T	C
1	21.514923796567647	14.8290000679833	14.628339679659764	49.02773645578929
2	23.59267580530836	22.538760762067156	35.22055728851998	18.648006144104507
3	22.060136073152655	25.683942751239375	25.599096158351465	26.6568250172565
4	24.838692821539148	29.850530187567166	18.598203000504625	26.71257399038906
5	25.45356873779681	33.92718061633113	20.829363829454252	19.789886816417805
6	19.080274917283525	35.16586189918112	22.565693448258777	23.188169735276585
7	17.89343104246802	16.15711943369156	41.827558050605134	24.121891473235287
8	20.856514334477826	21.150594627663686	27.13692329929385	30.855967738564637
9	21.00618515658877	20.905839500440564	30.189866082539783	27.898109260430886
10	21.064220781488928	35.831313193758454	22.332725208842753	20.771740815909858
11	26.335846066898956	24.50086220390103	20.07739593522634	29.085895793973677
12	22.531582355708544	21.389503809291224	27.69296772204984	28.385946112950393
13	21.330737441191612	25.50453798834289	28.85508324699602	24.30964132346947
14	22.84411391468047	25.581097953349065	27.29924328618724	24.275544845783227
15	22.781438070463814	25.356511338430703	26.220732090689907	25.641318500415572
16	23.616408207655457	25.173644364502735	25.665588924878573	25.544358502963238
17	24.405754112301167	25.900140544712517	25.317610370128847	24.376494972857472
18	23.23047208700882	25.641060118546083	25.50822010606447	25.620247688380626
19	23.714911355734706	25.52255811564128	25.28673997774741	25.47579055087661
20	24.137792443493105	25.930605989656634	25.46672430842315	24.464877258427112
21	23.1674459441339	25.74396122380603	26.110041992197846	24.978550839862226
22	23.258171714222158	25.684913688657158	25.702977731828465	25.35393686529222
23	24.06676063122671	26.262295580313978	25.535923906244335	24.135019882214976
24	23.041429193395427	25.963700477716063	25.9676172612651	25.027253067623413
25	23.332893425927264	25.647602891930827	25.56693615014376	25.45256753199815
26	24.01436261143651	26.104061631466035	25.569296450677975	24.312279306419477
27	22.940013660811847	25.65210207624025	26.072734359762528	25.33514990318537
28	23.400092570548505	25.561382501827957	25.65341230036644	25.3851126272571
29	24.159359607009254	26.022717366101467	25.44947432503858	24.3684487018507
30	23.223011571026266	25.843975511918494	25.814862702852487	25.118150214202757
31	23.34801981015584	25.71248558060982	25.61472675538766	25.324767853846687
32	24.196361512691038	26.092347817978883	25.402518930267952	24.308771739062127
33	23.164821095884307	25.734562991224053	25.944091025180562	25.15652488771108
34	23.454920232803094	25.425120817426883	25.583626324819154	25.536332624950873
35	24.290034812356073	25.814050032777942	25.356583856972875	24.539331297893114
36	23.362057387017238	25.516105653190152	25.725989714935615	25.395847244856995
37	23.471227417999977	25.704108249639457	25.393810934359422	25.43085339800114
38	24.22090798104815	25.934741611737323	25.361756137230046	24.48259426998448
39	23.311564832062114	25.62078521970333	25.94562096207066	25.122028986163897
40	23.615365767805002	25.261052889877796	25.747092788950326	25.376488553366872
41	24.09462013703189	25.796937572170027	25.688524511099914	24.41991777969817
42	23.227381415358966	25.6256586736514	26.046142925477785	25.100816985511848
43	23.742584600697803	25.339075805691873	25.609721164471438	25.30861842913888
44	24.38292755894211	25.805304581803707	25.47942965200986	24.332338207244327
45	23.40411165814547	25.515316450534755	25.898752022149118	25.181819869170663
46	23.60789401417554	25.383512299650313	25.478932746634232	25.529660939539916
47	24.290378932732022	25.99635739129939	25.406055727353284	24.307207948615307
48	23.368626768380274	25.68068363656984	25.981187162478854	24.969502432571037
49	23.678396118058288	25.541118992907258	25.372631533410527	25.40785335562392
50	24.45377489907157	25.91880550954106	25.398560158109458	24.228859433277915
51	23.49799793902132	25.480289655752088	25.82839353255146	25.193318872675135
>>END_MODULE
>>Per base GC content	fail
#Base	%GC
1	70.54266025235694
2	42.24068194941287
3	48.71696109040916
4	51.55126681192821
5	45.24345555421462
6	42.268444652560106
7	42.01532251570331
8	51.712482073042466
9	48.90429441701965
10	41.835961597398786
11	55.42174186087263
12	50.917528468658936
13	45.64037876466108
14	47.11965876046369
15	48.422756570879386
16	49.160766710618695
17	48.78224908515863
18	48.85071977538944
19	49.19070190661131
20	48.60266970192021
21	48.145996783996125
22	48.61210857951438
23	48.20178051344169
24	48.06868226101884
25	48.785460957925416
26	48.32664191785599
27	48.27516356399722
28	48.78520519780561
29	48.52780830885995
30	48.34116178522902
31	48.67278766400253
32	48.505133251753165
33	48.321345983595386
34	48.99125285775397
35	48.82936611024919
36	48.757904631874226
37	48.90208081600112
38	48.70350225103263
39	48.433593818226015
40	48.99185432117187
41	48.51453791673006
42	48.32819840087082
43	49.051203029836685
44	48.71526576618644
45	48.58593152731613
46	49.13755495371546
47	48.597586881347326
48	48.338129200951315
49	49.08624947368221
50	48.68263433234949
51	48.69131681169645
>>END_MODULE
>>Per sequence GC content	pass
#GC Content	Count
0	25.0
1	18.5
2	12.0
3	7.0
4	2.0
5	4.0
6	6.0
7	7.0
8	8.0
9	17.0
10	26.0
11	33.5
12	41.0
13	135.5
14	230.0
15	453.0
16	676.0
17	813.0
18	950.0
19	1471.0
20	1992.0
21	2737.0
22	3482.0
23	5564.0
24	7646.0
25	12007.0
26	24104.5
27	31886.0
28	43789.5
29	55692.0
30	80556.0
31	105487.5
32	141114.5
33	176767.5
34	231804.5
35	287002.0
36	363628.5
37	440403.0
38	536840.0
39	633360.0
40	749982.0
41	866753.5
42	982339.0
43	1098059.5
44	1190905.5
45	1283789.5
46	1351787.0
47	1419458.0
48	1422220.0
49	1424894.5
50	1389658.0
51	1353945.5
52	1271069.0
53	1188005.0
54	1086128.0
55	983916.0
56	860482.5
57	736690.0
58	634313.0
59	532179.5
60	458501.5
61	385052.5
62	323439.0
63	261558.0
64	207690.5
65	154130.5
66	123380.0
67	92681.5
68	80203.5
69	67918.5
70	52592.0
71	37216.0
72	27705.0
73	18299.5
74	14328.5
75	7561.5
76	4659.0
77	3102.5
78	1546.0
79	1471.5
80	1397.0
81	797.0
82	197.0
83	101.5
84	6.0
85	3.5
86	1.0
87	0.5
88	0.0
89	0.0
90	0.0
91	0.0
92	0.0
93	0.0
94	0.0
95	0.0
96	0.0
97	0.0
98	0.0
99	0.0
100	0.0
>>END_MODULE
>>Per base N content	pass
#Base	N-Count
1	0.0355725789491299
2	0.009770036576620105
3	0.0
4	0.009740806848642184
5	0.03183848119995049
6	0.0
7	0.0
8	0.0
9	0.0
10	0.0
11	0.0
12	0.0
13	0.0
14	0.0
15	0.0
16	0.006130935443368937
17	6.211317195308219E-4
18	0.004150621372864786
19	0.0
20	0.001271493167039565
21	9.499661592824335E-5
22	3.946013277019339E-4
23	7.745877914149073E-4
24	0.0
25	0.0
26	0.0
27	0.0021849221663495975
28	0.0
29	7.38050631442506E-4
30	0.0
31	0.0
32	0.0
33	9.718884552658742E-4
34	0.0
35	0.0013811046469567687
36	0.0
37	0.002944895093775544
38	0.005524418587827075
39	0.006277084083258541
40	1.388412078951249E-4
41	0.0
42	0.0
43	0.0
44	0.0
45	0.0
46	0.0
47	0.0
48	0.0
49	0.0
50	7.307431994480259E-6
51	0.0
>>END_MODULE
>>Sequence Length Distribution	warn
#Length	Count
50	97949.0
51	1.3586749E7
>>END_MODULE
>>Sequence Duplication Levels	fail
#Total Duplicate Percentage	72.97018761563008
#Duplication Level	Relative count
1	100.0
2	37.44468433705422
3	20.653222472323026
4	14.01228045998132
5	10.671137856585052
6	8.535072809959116
7	7.2672148468004965
8	6.225978838409359
9	5.585924939133631
10++	95.8503682606765
>>END_MODULE
>>Overrepresented sequences	pass
>>END_MODULE
>>Kmer Content	warn
#Sequence	Count	Obs/Exp Overall	Obs/Exp Max	Max Obs/Exp Position
GAAGA	1704070	2.938348	6.901101	2
CTTGG	1549235	2.6464102	9.661184	1
AAGAA	1677205	2.6283886	6.155592	2
TCTTC	1846765	2.598389	5.2797637	7
CAACA	1796980	2.5786726	6.9964123	1
TGATG	1484355	2.5260777	5.346725	4
TTGGA	1445840	2.4605327	6.885015	2
TGTTG	1451725	2.4543688	5.3364906	7
CCAAG	1551320	2.4494398	5.341464	8
TGAAG	1413285	2.4209852	5.8739347	7
CAAGA	1533560	2.4123216	5.481415	1
CTTCT	1709015	2.4045753	5.6939383	1
TCCAA	1617400	2.3057747	8.159716	7
TCTTG	1494365	2.3047862	5.708934	7
CTTCA	1524295	2.1588132	7.968778	1
AACAA	1476445	2.110762	6.6186266	2
CTTGA	1341545	2.0827286	7.662654	1
TCAAG	1331440	2.0806668	5.6563134	7
ATCAA	1439740	2.0448081	6.3609557	6
CTCCA	1420320	2.0324352	6.870079	1
TTGAT	1259290	1.9349457	5.223678	3
CTCCT	1345535	1.9128107	5.319136	1
CTCAA	1274010	1.8162359	7.24157	1
TTCAA	1274300	1.7979876	5.2645826	2
ATCCA	1247210	1.7780298	7.5853004	6
TTCCA	1254030	1.776045	5.2553396	6
TTGAG	1042625	1.7743409	5.164559	7
AAGAT	1114820	1.7356203	5.866183	3
CTTCG	1054470	1.6432084	5.6519036	1
CTTTG	1063550	1.6403323	7.0710044	1
ATTGA	1029490	1.5922769	5.7381086	6
TTTGA	953775	1.4655104	5.639945	2
CGGCA	828645	1.4396148	5.1412687	1
CAATC	977235	1.393152	5.7144017	4
AGATC	819025	1.279906	5.1789894	4
>>END_MODULE
