##FastQC	0.10.1
>>Basic Statistics	pass
#Measure	Value	
Filename	C6D2PACXX_CS13_15s010309-1-1_Ferrante_lane115s010309_sequence.txt	
File type	Conventional base calls	
Encoding	Sanger / Illumina 1.9	
Total Sequences	12462075	
Filtered Sequences	0	
Sequence length	51	
%GC	48	
>>END_MODULE
>>Per base sequence quality	pass
#Base	Mean	Median	Lower Quartile	Upper Quartile	10th Percentile	90th Percentile
1	32.71546961481134	34.0	31.0	34.0	31.0	34.0
2	32.84387455540109	34.0	31.0	34.0	31.0	34.0
3	32.86727892425619	34.0	31.0	34.0	31.0	34.0
4	36.242437074082765	37.0	37.0	37.0	35.0	37.0
5	36.1673242216886	37.0	37.0	37.0	35.0	37.0
6	36.1435072409691	37.0	37.0	37.0	35.0	37.0
7	36.15134823053143	37.0	37.0	37.0	35.0	37.0
8	36.143071920205905	37.0	37.0	37.0	35.0	37.0
9	37.90315328707298	39.0	38.0	39.0	35.0	39.0
10	37.88172098145774	39.0	38.0	39.0	35.0	39.0
11	37.903372191228186	39.0	38.0	39.0	35.0	39.0
12	37.890700946672204	39.0	38.0	39.0	35.0	39.0
13	37.86682274019375	39.0	38.0	39.0	35.0	39.0
14	39.312066409486384	41.0	39.0	41.0	36.0	41.0
15	39.29029443331066	41.0	39.0	41.0	36.0	41.0
16	39.262901643586645	40.0	39.0	41.0	36.0	41.0
17	39.24008425563159	40.0	39.0	41.0	36.0	41.0
18	39.22283736857626	40.0	39.0	41.0	36.0	41.0
19	39.281337497968835	40.0	39.0	41.0	36.0	41.0
20	39.27673232587671	40.0	39.0	41.0	36.0	41.0
21	39.268741842750906	40.0	39.0	41.0	36.0	41.0
22	39.24862881983939	40.0	39.0	41.0	36.0	41.0
23	39.24449050418971	40.0	39.0	41.0	36.0	41.0
24	39.248486869161034	40.0	39.0	41.0	36.0	41.0
25	39.23397291382053	40.0	39.0	41.0	36.0	41.0
26	39.183671579572426	40.0	39.0	41.0	36.0	41.0
27	39.13530804460734	40.0	39.0	41.0	36.0	41.0
28	39.114140301675285	40.0	39.0	41.0	36.0	41.0
29	39.09807957342577	40.0	39.0	41.0	36.0	41.0
30	39.05379601711593	40.0	39.0	41.0	36.0	41.0
31	39.03805136785006	40.0	39.0	41.0	36.0	41.0
32	38.99704198538365	40.0	39.0	41.0	35.0	41.0
33	38.954569202961785	40.0	39.0	41.0	35.0	41.0
34	38.935634956457896	40.0	39.0	41.0	35.0	41.0
35	38.91315427005535	40.0	38.0	41.0	35.0	41.0
36	38.882390211902916	40.0	38.0	41.0	35.0	41.0
37	38.831582140213406	40.0	38.0	41.0	35.0	41.0
38	38.79460804079577	40.0	38.0	41.0	35.0	41.0
39	38.75866354519613	40.0	38.0	41.0	35.0	41.0
40	38.723980557009966	40.0	38.0	41.0	35.0	41.0
41	38.67512320380033	40.0	38.0	41.0	35.0	41.0
42	38.63324454394633	40.0	38.0	41.0	35.0	41.0
43	38.580958869209184	40.0	38.0	41.0	35.0	41.0
44	38.528441772337274	40.0	38.0	41.0	34.0	41.0
45	38.47179887779523	40.0	38.0	41.0	34.0	41.0
46	38.40361095563941	40.0	38.0	41.0	34.0	41.0
47	38.34851579692788	40.0	38.0	41.0	34.0	41.0
48	38.27295727236435	40.0	38.0	41.0	34.0	41.0
49	38.19424357500657	40.0	37.0	41.0	34.0	41.0
50	38.109314058854565	40.0	37.0	41.0	34.0	41.0
51	36.93774062505642	39.0	36.0	40.0	31.0	41.0
>>END_MODULE
>>Per sequence quality scores	pass
#Quality	Count
6	35.0
7	663.0
8	2557.0
9	5998.0
10	6116.0
11	3135.0
12	1327.0
13	808.0
14	587.0
15	520.0
16	514.0
17	506.0
18	572.0
19	694.0
20	1121.0
21	1780.0
22	3039.0
23	5344.0
24	9183.0
25	14850.0
26	23026.0
27	35127.0
28	51635.0
29	72900.0
30	99582.0
31	133895.0
32	175169.0
33	230377.0
34	309574.0
35	429212.0
36	633329.0
37	1042769.0
38	2259568.0
39	6898578.0
40	7985.0
>>END_MODULE
>>Per base sequence content	fail
#Base	G	A	T	C
1	23.270059483916093	14.142122017976519	16.154565373700486	46.4332531244069
2	23.524617122362738	22.228756918346456	34.739469209676486	19.507156749614328
3	22.691148945901865	25.585923692482993	25.178238776447742	26.544688585167396
4	25.372054251166936	29.80728409184478	18.692846000140925	26.127815656847357
5	25.52847237033736	33.81523188148341	20.924726005608044	19.731569742571182
6	19.19438777250177	35.67028765273841	22.26237604893246	22.87294852582736
7	17.63050695811091	16.08685551964661	42.43240391347348	23.850233608769006
8	21.048637566376385	21.13102352537599	27.114786261517445	30.705552646730176
9	21.31193240291043	20.799778528054116	29.970554662847075	27.917734406188377
10	20.993331239499067	36.146116678352875	22.491190408976546	20.369361673171515
11	26.222662691741334	24.693875913316667	20.099988364114928	28.983473030827074
12	22.589339291987706	21.43407163320701	27.660350281185636	28.31623879361964
13	21.31713889609075	25.5889697824364	29.006375111267747	24.087516210205102
14	22.66045582296688	25.584647821490403	27.483400637534277	24.27149571800844
15	22.88307525030944	25.40480618195605	26.331890957164035	25.380227610570472
16	23.52462041525271	25.26624478590837	25.920147388895582	25.288987409943342
17	24.20267472788028	25.88600300851117	25.585841990733734	24.32548027287482
18	23.16762491447512	25.76158672547922	25.732528729378334	25.33825963066733
19	23.628416616012984	25.58250532114435	25.52818852398176	25.260889538860905
20	23.98017156292379	25.919306044824626	25.64572817949109	24.454794212760493
21	23.169838264403626	25.84246049692555	26.15027457722105	24.83742666144977
22	23.31346148645737	25.830501462082506	25.829642853216644	25.02639419824348
23	24.0096556294186	26.316148038754438	25.58620627120003	24.087990060626936
24	23.109072927261312	26.08620153545858	25.96452035475633	24.84020518252378
25	23.401496139286596	25.79895402651645	25.64613838385662	25.153411450340336
26	23.99633603663642	26.127878419969964	25.58946197273854	24.28632357065507
27	23.114319065548255	25.768861945952608	25.979085658076546	25.13773333042259
28	23.514641537861802	25.651535234588312	25.74983505691038	25.083988170639504
29	24.131955367013294	25.976603376042096	25.577741477400394	24.31369977954422
30	23.333452905355372	25.931865293851452	25.80524734997503	24.929434450818142
31	23.381817338325806	25.841087218476122	25.73407240680108	25.043023036396995
32	24.091651372981094	26.12250302329482	25.550384100879747	24.235461502844345
33	23.271985485155685	25.828418299858235	25.918602277580906	24.980993937405174
34	23.52731431609138	25.566178353594797	25.719277940072633	25.18722939024119
35	24.243303544194713	25.809705582621994	25.507335230231703	24.439655642951585
36	23.448663003915847	25.641786693831765	25.750550359720314	25.158999942532073
37	23.49602583837304	25.782422227847547	25.523606562615335	25.19794537116408
38	24.17879828595598	25.951667143896007	25.482023706056268	24.387510864091748
39	23.381833628373137	25.760386367025877	25.92738472939041	24.930395275210575
40	23.601155227655592	25.441851780676284	25.855708283343198	25.101284708324922
41	24.038167548609465	25.8500601184163	25.743766231149635	24.368006101824598
42	23.301153258658868	25.780601196711988	26.059464861982505	24.858780682646632
43	23.725695195896066	25.490774307251545	25.751454964138553	25.032075532713833
44	24.287480214972227	25.86486600345448	25.556987901292523	24.29066588028077
45	23.46933706855771	25.690602569745565	25.882424691320377	24.957635670376348
46	23.663022980316263	25.517795559995005	25.59775053998098	25.221430919707753
47	24.228567164203056	26.001964360655975	25.507030533450703	24.262437941690266
48	23.41245099280642	25.88160789655163	25.967549530386346	24.738391580255602
49	23.666893354437363	25.71054980811783	25.52393562067312	25.098621216771683
50	24.340800772651995	25.923723083604305	25.5588863886688	24.1765897550749
51	23.51082216076723	25.604485338182638	25.964995173528532	24.9196973275216
>>END_MODULE
>>Per base GC content	fail
#Base	%GC
1	69.703312608323
2	43.031773871977066
3	49.235837531069265
4	51.4998699080143
5	45.26004211290854
6	42.06733629832913
7	41.480740566879916
8	51.75419021310657
9	49.2296668090988
10	41.36269291267058
11	55.206135722568405
12	50.90557808560735
13	45.404655106295856
14	46.93195154097532
15	48.26330286087991
16	48.81360782519605
17	48.5281550007551
18	48.50588454514245
19	48.889306154873886
20	48.43496577568428
21	48.0072649258534
22	48.33985568470085
23	48.09764569004553
24	47.949278109785084
25	48.55490758962693
26	48.28265960729149
27	48.25205239597084
28	48.598629708501306
29	48.44565514655751
30	48.262887356173515
31	48.4248403747228
32	48.32711287582544
33	48.25297942256086
34	48.71454370633257
35	48.682959187146295
36	48.607662946447924
37	48.693971209537125
38	48.56630915004773
39	48.31222890358371
40	48.70243993598052
41	48.40617365043406
42	48.159933941305496
43	48.7577707286099
44	48.578146095253
45	48.426972738934055
46	48.88445390002401
47	48.49100510589332
48	48.15084257306202
49	48.76551457120905
50	48.5173905277269
51	48.43051948828883
>>END_MODULE
>>Per sequence GC content	pass
#GC Content	Count
0	88.0
1	58.0
2	28.0
3	26.0
4	24.0
5	33.0
6	42.0
7	32.5
8	23.0
9	28.5
10	34.0
11	52.5
12	71.0
13	150.0
14	229.0
15	498.0
16	767.0
17	911.5
18	1056.0
19	1632.0
20	2208.0
21	3110.0
22	4012.0
23	5965.5
24	7919.0
25	11987.5
26	22909.0
27	29762.0
28	41410.0
29	53058.0
30	76148.5
31	99239.0
32	134034.0
33	168829.0
34	220930.5
35	273032.0
36	346593.0
37	420154.0
38	510134.0
39	600114.0
40	706225.5
41	812337.0
42	916657.0
43	1020977.0
44	1101927.0
45	1182877.0
46	1235840.5
47	1288804.0
48	1289393.0
49	1289982.0
50	1250733.5
51	1211485.0
52	1133061.5
53	1054638.0
54	963787.0
55	872936.0
56	763017.5
57	653099.0
58	562589.0
59	472079.0
60	406043.0
61	340007.0
62	285208.0
63	230409.0
64	183335.5
65	136262.0
66	110006.5
67	83751.0
68	72702.5
69	61654.0
70	48323.0
71	34992.0
72	26542.0
73	18092.0
74	14594.5
75	8132.5
76	5168.0
77	3577.0
78	1986.0
79	1889.0
80	1792.0
81	1157.5
82	523.0
83	334.5
84	146.0
85	116.5
86	87.0
87	72.0
88	57.0
89	48.0
90	39.0
91	32.5
92	26.0
93	16.0
94	6.0
95	9.0
96	12.0
97	8.5
98	5.0
99	5.0
100	5.0
>>END_MODULE
>>Per base N content	pass
#Base	N-Count
1	0.05032067292164427
2	0.016762858512727616
3	0.0
4	0.013328438482355468
5	0.03700828313101952
6	0.0
7	0.0
8	0.0
9	0.0
10	7.141667820166384E-4
11	0.00501521616584718
12	0.0016128935189364533
13	1.444382255763988E-4
14	0.0
15	0.0
16	0.007157716511897096
17	7.783615489394824E-4
18	0.0063312088877654805
19	0.0
20	0.0014042605264372105
21	5.617042105748842E-5
22	4.493633684599074E-4
23	9.789701955733696E-4
24	0.0
25	0.0
26	0.0012838953384568782
27	0.019988645550600523
28	0.0016128935189364533
29	0.004967070090655047
30	0.0077515181059334025
31	0.02449030358106495
32	0.004052294662004522
33	0.0337664474014159
34	0.012501930858223851
35	0.030837561160561144
36	0.023679844648664048
37	0.05209405335788784
38	0.038131691552169285
39	0.031046194153060386
40	0.037048404860346294
41	0.03339732749160954
42	0.00345046872210286
43	6.74045052689861E-4
44	0.0
45	0.004252903308638409
46	4.975094436520403E-4
47	4.012172932677744E-5
48	0.001035140616630858
49	0.0
50	4.894850977866848E-4
51	0.07124014259262602
>>END_MODULE
>>Sequence Length Distribution	pass
#Length	Count
51	1.2462075E7
>>END_MODULE
>>Sequence Duplication Levels	fail
#Total Duplicate Percentage	66.5741953270384
#Duplication Level	Relative count
1	100.0
2	33.68601474302799
3	17.69678849425228
4	11.758338058662817
5	8.616423526985928
6	6.736171967627198
7	5.522191865560081
8	4.688385999278314
9	4.292747048816949
10++	64.74818289602557
>>END_MODULE
>>Overrepresented sequences	pass
>>END_MODULE
>>Kmer Content	warn
#Sequence	Count	Obs/Exp Overall	Obs/Exp Max	Max Obs/Exp Position
GAAGA	1570240	2.9363801	6.582704	2
TCTTC	1677145	2.6082964	5.4016995	7
AAGAA	1523155	2.590104	6.026699	2
TGATG	1378085	2.5374198	5.3924303	4
CAACA	1590310	2.5314121	6.557014	1
CTTGG	1341430	2.5059643	8.617245	1
TTGGA	1305690	2.4041216	6.5658894	2
TGTTG	1310690	2.3947015	5.1805377	7
CTTCT	1539280	2.3938887	5.182077	1
CAAGA	1374830	2.371989	5.170194	1
CCAAG	1354830	2.3715866	5.3623695	8
TGAAG	1268250	2.3533478	5.501212	7
TCCAA	1453435	2.2956822	8.383825	7
TCTTG	1320510	2.2259252	5.3819604	7
CTTCA	1353315	2.1210463	7.2262573	1
AACAA	1330200	2.0869284	6.332956	2
CTCCA	1269135	2.0338292	6.2206473	1
ATCAA	1303495	2.0292478	6.3504596	6
TCAAG	1172825	2.0078533	5.4635963	7
CTTGA	1168780	1.9854848	6.858712	1
TTGAT	1152625	1.9149895	5.13985	3
ATCCA	1135395	1.7933424	7.890994	6
TTCAA	1156375	1.7863206	5.183247	7
TTCCA	1133045	1.7758178	5.072658	6
CTCAA	1121855	1.7719558	6.415761	1
TTGAG	935165	1.721887	5.0257387	7
AAGAT	1008490	1.7016875	5.7618794	3
CTTTG	980220	1.6523134	6.691989	1
CTTCG	931730	1.6058848	5.0092993	1
ATTGA	942935	1.5787925	5.9210134	6
TTTGA	909220	1.5105923	5.6050663	2
CAATC	907130	1.4328002	5.745463	4
CGGCA	741015	1.4264425	5.1718645	1
AGATC	727470	1.2454143	5.027481	4
AATCC	735910	1.1623605	5.032346	5
>>END_MODULE
