##FastQC	0.10.1
>>Basic Statistics	pass
#Measure	Value	
Filename	2R_fastq-q-filt.txt	
File type	Conventional base calls	
Encoding	Sanger / Illumina 1.9	
Total Sequences	60953708	
Filtered Sequences	0	
Sequence length	50-151	
%GC	48	
>>END_MODULE
>>Per base sequence quality	pass
#Base	Mean	Median	Lower Quartile	Upper Quartile	10th Percentile	90th Percentile
1	32.813080543024554	33.0	33.0	33.0	33.0	33.0
2	32.81657499819371	33.0	33.0	33.0	33.0	33.0
3	32.82860294569774	33.0	33.0	33.0	33.0	33.0
4	36.75477237578393	37.0	37.0	37.0	37.0	37.0
5	36.73089802838574	37.0	37.0	37.0	37.0	37.0
6	36.729966304921106	37.0	37.0	37.0	37.0	37.0
7	36.74166805405834	37.0	37.0	37.0	37.0	37.0
8	36.74652364053061	37.0	37.0	37.0	37.0	37.0
9	36.7579122996094	37.0	37.0	37.0	37.0	37.0
10-14	37.19186440962706	37.6	37.0	37.6	37.0	37.6
15-19	38.98968860434216	40.0	37.0	40.0	37.0	40.0
20-24	38.97372986726255	40.0	37.0	40.0	37.0	40.0
25-29	38.94279863991211	40.0	37.0	40.0	37.0	40.0
30-34	38.90549290947156	40.0	37.0	40.0	37.0	40.0
35-39	38.810526601597395	40.0	37.0	40.0	37.0	40.0
40-44	38.66970223370168	40.0	37.0	40.0	37.0	40.0
45-49	38.35368188593219	40.0	37.0	40.0	37.0	40.0
50-54	37.99756847388412	39.4	37.0	40.0	35.4	40.0
55-59	37.5055244283723	37.0	37.0	40.0	33.0	40.0
60-64	36.89361831585173	37.0	37.0	38.8	33.0	40.0
65-69	36.26132538065245	37.0	37.0	37.0	33.0	39.4
70-74	35.71284566475596	37.0	33.8	37.0	33.0	37.0
75-79	35.36939661994269	37.0	33.0	37.0	33.0	37.0
80-84	35.120605153616154	37.0	33.0	37.0	33.0	37.0
85-89	34.978526679222476	37.0	33.0	37.0	33.0	37.0
90-94	34.82862491215172	37.0	33.0	37.0	33.0	37.0
95-99	34.72092133930322	37.0	33.0	37.0	33.0	37.0
100-104	34.371762193481686	35.4	33.0	37.0	31.8	37.0
105-109	35.40227677571825	37.0	33.0	37.0	33.0	37.0
110-114	35.54070369674401	37.0	33.0	37.0	33.0	37.0
115-119	35.48911200270784	37.0	33.0	37.0	33.0	37.0
120-124	35.44975909782998	37.0	33.0	37.0	33.0	37.0
125-129	35.38332683353836	37.0	33.0	37.0	33.0	37.0
130-134	35.33223064496757	37.0	33.0	37.0	33.0	37.0
135-139	35.267276657873744	37.0	33.0	37.0	33.0	37.0
140-144	35.21340270565776	37.0	33.0	37.0	33.0	37.0
145-149	35.18898216832415	37.0	33.0	37.0	33.0	37.0
150-151	34.238663122951614	35.0	33.0	37.0	30.0	37.0
>>END_MODULE
>>Per sequence quality scores	pass
#Quality	Count
24	1.0
25	56.0
26	1068.0
27	6138.0
28	21771.0
29	31878.0
30	157928.0
31	894965.0
32	2139299.0
33	3283906.0
34	4304478.0
35	6190291.0
36	1.3526071E7
37	2.9899038E7
38	494169.0
39	2651.0
>>END_MODULE
>>Per base sequence content	fail
#Base	G	A	T	C
1	35.132202773374885	16.65614435577994	13.071354918377493	35.140297952467684
2	26.867780402905172	24.869301818854307	30.55634124894448	17.706576529296033
3	22.750449164233036	28.113481673457784	25.50982788093202	23.626241281377162
4	26.444057758815315	32.24861500139071	18.493360816465554	22.813966423328417
5	26.154272585022433	35.70526024832634	19.221843360511144	18.91862380614008
6	20.214050416871967	38.54732325645245	20.67905429952074	20.559572027154847
7	19.708586976677005	18.751625698010372	38.08138217579041	23.458405149522214
8	22.827397464883802	23.202503559850886	25.59258098708954	28.37751798817577
9	23.50078818350628	23.684193731789893	26.84820521629253	25.966812868411292
10-14	24.3371695501803	27.59325188435957	23.381213155239234	24.688365410220893
15-19	24.103774702983042	27.174889451157636	24.905557811402897	23.81577803445643
20-24	24.020884964730445	27.44594889767654	24.939387934836972	23.593778202756038
25-29	24.2566423156722	27.038085051597765	24.884898793272697	23.82037383945734
30-34	24.097983911282586	27.119881355973412	24.99304365405789	23.789091078686113
35-39	24.30448544636129	26.99478478987613	24.867887775736346	23.832841988026228
40-44	24.4186056736696	26.856036059364918	25.000647048412546	23.724711218552937
45-49	24.28210273934442	26.685822624605542	25.092071839173425	23.940002796876605
50-54	24.426315699902496	26.860742312392887	24.974149791236243	23.738792196468374
55-59	24.548647723973318	26.6928813150616	24.969207375909182	23.7892635850559
60-64	24.45596912824971	26.734057077465977	25.051208822450178	23.758764971834136
65-69	24.475456708292494	26.951015136723388	25.033863209660794	23.539664945323324
70-74	24.667873528503822	26.857810528927605	24.863589265721583	23.610726676846987
75-79	24.63919741806928	26.814398644015373	25.06408788909865	23.482316048816692
80-84	24.749356718128844	26.91165019272615	24.910772383216433	23.42822070592857
85-89	24.94844239822582	26.917712892840527	24.886899033501773	23.246945675431878
90-94	24.90072974372445	26.949257003907267	24.970445460171742	23.179567792196544
95-99	25.03322830677413	27.124773867271003	24.881349127457963	22.960648698496907
100-104	25.269245723733334	26.995788641936695	24.786481316302428	22.94848431802754
105-109	25.149862129116684	26.91654794031247	24.95324546926863	22.980344461302217
110-114	25.307492225042388	26.968394632914087	24.86961419558963	22.85449894645389
115-119	25.504193277666808	26.864985719090207	24.899279227330414	22.73154177591257
120-124	25.441412539681775	26.812185767830073	25.0656424880967	22.680759204391464
125-129	25.555561043020596	26.870443945376028	25.02834920304917	22.545645808554205
130-134	25.699547431847456	26.821734281144284	24.93531150374668	22.54340678326158
135-139	25.665763656179188	26.79579101668253	25.043754411183105	22.49469091595518
140-144	25.7234075679563	26.911514016390804	24.958139822419287	22.406938593233605
145-149	25.779916785713024	26.637773668388693	25.14909779337482	22.433211752523466
150-151	25.55655756933149	26.96551982952195	25.09435385793471	22.38356874321185
>>END_MODULE
>>Per base GC content	fail
#Base	%GC
1	70.27250072584256
2	44.57435693220121
3	46.376690445610194
4	49.258024182143735
5	45.072896391162516
6	40.77362244402681
7	43.16699212619922
8	51.20491545305958
9	49.467601051917576
10-14	49.02553496040119
15-19	47.91955273743947
20-24	47.61466316748649
25-29	48.077016155129535
30-34	47.887074989968696
35-39	48.13732743438752
40-44	48.143316892222536
45-49	48.22210553622103
50-54	48.16510789637087
55-59	48.33791130902922
60-64	48.214734100083845
65-69	48.015121653615815
70-74	48.27860020535081
75-79	48.12151346688597
80-84	48.17757742405742
85-89	48.195388073657696
90-94	48.08029753592099
95-99	47.99387700527104
100-104	48.21773004176087
105-109	48.1302065904189
110-114	48.161991171496275
115-119	48.23573505357938
120-124	48.122171744073235
125-129	48.1012068515748
130-134	48.24295421510904
135-139	48.16045457213436
140-144	48.130346161189905
145-149	48.21312853823649
150-151	47.94012631254334
>>END_MODULE
>>Per sequence GC content	pass
#GC Content	Count
0	45.0
1	23.5
2	3.0
3	2.5
4	1.0
5	0.5
6	0.0
7	0.0
8	0.0
9	0.0
10	0.5
11	3.0
12	3.0
13	3.0
14	22.0
15	35.0
16	43.5
17	112.5
18	189.0
19	198.5
20	233.0
21	255.5
22	329.5
23	563.0
24	764.5
25	1496.5
26	2408.5
27	3185.0
28	5116.5
29	8401.5
30	13840.0
31	23881.5
32	41838.5
33	73076.0
34	126220.0
35	217148.5
36	344327.5
37	518093.5
38	754270.0
39	1049932.0
40	1411685.5
41	1825595.0
42	2294822.5
43	2787767.5
44	3232072.5
45	3607934.0
46	3898642.5
47	4096695.5
48	4185180.5
49	4135801.5
50	3965675.0
51	3692979.0
52	3332608.0
53	2920694.0
54	2502519.5
55	2095378.5
56	1738984.5
57	1451812.5
58	1196849.5
59	943006.0
60	710888.0
61	542381.5
62	443000.5
63	336860.0
64	218667.0
65	137962.5
66	77523.0
67	39892.5
68	19687.0
69	11354.0
70	6050.5
71	2470.0
72	675.5
73	239.5
74	115.0
75	66.5
76	35.0
77	20.0
78	12.0
79	6.5
80	2.5
81	2.5
82	5.0
83	4.5
84	5.0
85	5.0
86	4.0
87	5.5
88	6.5
89	5.5
90	6.0
91	5.5
92	2.0
93	0.5
94	0.0
95	1.0
96	1.5
97	0.5
98	1.0
99	1.5
100	8.0
>>END_MODULE
>>Per base N content	pass
#Base	N-Count
1	0.006319549911549269
2	0.004252407417117266
3	0.005389335789054868
4	0.016643778258740225
5	0.024651494540742294
6	0.01767899009523752
7	0.004865987808321686
8	0.003968585471453189
9	4.314749809806485E-4
10-14	4.6264617732525806E-5
15-19	2.7561899925760057E-5
20-24	3.2811785625904827E-6
25-29	4.921767843885724E-6
30-34	1.870271780676575E-5
35-39	6.135803912044202E-5
40-44	0.0
45-49	0.0
50-54	0.0
55-59	0.0
60-64	0.0
65-69	0.0
70-74	1.2160930417141342E-5
75-79	6.576371248047032E-7
80-84	0.0
85-89	0.0
90-94	0.0
95-99	0.0
100-104	6.592633871514978E-7
105-109	6.496634870101979E-5
110-114	3.62931093140501E-6
115-119	0.0
120-124	0.0
125-129	8.264253895042857E-6
130-134	0.0
135-139	0.0
140-144	0.0
145-149	6.73608988681456E-7
150-151	0.0
>>END_MODULE
>>Sequence Length Distribution	warn
#Length	Count
50-54	20634.0
55-59	20683.0
60-64	24665.0
65-69	26649.0
70-74	26285.0
75-79	27376.0
80-84	31467.0
85-89	31572.0
90-94	31353.0
95-99	28186.0
100-104	26670.0
105-109	28369.0
110-114	30955.0
115-119	34112.0
120-124	43329.0
125-129	52672.0
130-134	77016.0
135-139	326434.0
140-144	495344.0
145-149	559574.0
150-152	5.9010363E7
>>END_MODULE
>>Sequence Duplication Levels	fail
#Total Duplicate Percentage	90.46649145860711
#Duplication Level	Relative count
1	100.0
2	77.67976108430967
3	67.0158511371468
4	53.5079255685734
5	44.06616126809097
6	36.3473466574776
7	30.264185619113256
8	26.395589248793936
9	22.862393751435793
10++	460.767286928555
>>END_MODULE
>>Overrepresented sequences	pass
>>END_MODULE
>>Kmer Content	warn
#Sequence	Count	Obs/Exp Overall	Obs/Exp Max	Max Obs/Exp Position
GAAGA	36192800	3.3607652	7.008805	2
TGATG	26753705	2.9146636	5.597448	4
GATGA	27879920	2.8041534	5.7318172	5
TTGGA	24159135	2.6319997	6.5224695	2
CAACA	22670340	2.387131	6.2001257	1
TGAAG	22456455	2.2586634	5.246622	7
AACAA	23683645	2.161085	5.923506	2
CCACC	14626070	2.0508595	5.166588	8
CTTTG	15186775	1.9083823	5.4491673	1
ATCAA	19242600	1.9018714	6.173732	6
ATGAA	20482580	1.9010826	5.1350493	6
CTTCA	15163655	1.873314	5.243357	1
TCCAA	16403560	1.8709	5.9609547	7
GTTGG	15807500	1.8662146	5.0181623	1
CTTGG	14843635	1.8661207	5.1060843	1
ACAAC	17134505	1.8042212	5.30187	3
ATTGA	17294715	1.7386972	5.9313617	6
AAGAT	18712985	1.7368386	5.408613	3
GTTGA	15263975	1.6629231	5.1760397	1
ATCCA	12342100	1.4076719	5.5592046	6
CAATC	12117940	1.3821055	5.2302923	4
>>END_MODULE
