##FastQC	0.10.1
>>Basic Statistics	pass
#Measure	Value	
Filename	2_131004_AH72EEADXX_P705_101F_dual93_2.fastq.gz	
File type	Conventional base calls	
Encoding	Sanger / Illumina 1.9	
Total Sequences	71400083	
Filtered Sequences	0	
Sequence length	151	
%GC	48	
>>END_MODULE
>>Per base sequence quality	pass
#Base	Mean	Median	Lower Quartile	Upper Quartile	10th Percentile	90th Percentile
1	31.804139191266767	33.0	33.0	33.0	33.0	33.0
2	31.800578257030878	33.0	33.0	33.0	33.0	33.0
3	31.817566178459483	33.0	33.0	33.0	33.0	33.0
4	35.59158949437076	37.0	37.0	37.0	33.0	37.0
5	35.54022666892418	37.0	37.0	37.0	33.0	37.0
6	35.55020384220001	37.0	37.0	37.0	33.0	37.0
7	35.56303688050335	37.0	37.0	37.0	33.0	37.0
8	35.562810004016384	37.0	37.0	37.0	33.0	37.0
9	35.578272296966375	37.0	37.0	37.0	33.0	37.0
10-14	35.93539342804405	37.6	37.0	37.6	33.0	37.6
15-19	37.477973388350264	40.0	37.0	40.0	33.0	40.0
20-24	37.42819115770495	40.0	37.0	40.0	33.0	40.0
25-29	37.33230609549852	40.0	37.0	40.0	33.0	40.0
30-34	37.23014115823927	40.0	37.0	40.0	33.0	40.0
35-39	37.05764562206461	40.0	37.0	40.0	33.0	40.0
40-44	36.84051881564339	40.0	37.0	40.0	33.0	40.0
45-49	36.43699348360702	40.0	37.0	40.0	33.0	40.0
50-54	36.01696128280411	37.0	37.0	40.0	33.0	40.0
55-59	35.4809356538143	37.0	37.0	40.0	28.2	40.0
60-64	34.83046712144578	37.0	33.8	38.2	27.0	40.0
65-69	34.15524061505643	37.0	33.0	37.0	27.0	38.8
70-74	33.547316705500194	37.0	33.0	37.0	27.0	37.0
75-79	33.149954444730824	37.0	33.0	37.0	27.0	37.0
80-84	32.83644949264275	37.0	33.0	37.0	27.0	37.0
85-89	32.632108234383985	37.0	33.0	37.0	27.0	37.0
90-94	32.41576994805454	37.0	33.0	37.0	26.0	37.0
95-99	32.24878975000631	35.4	33.0	37.0	23.0	37.0
100-104	31.91278632267136	34.6	33.0	36.2	25.0	37.0
105-109	32.90240322269653	37.0	33.0	37.0	27.0	37.0
110-114	33.00620542415896	37.0	33.0	37.0	27.0	37.0
115-119	32.91060433361122	37.0	33.0	37.0	27.0	37.0
120-124	32.82467864638197	37.0	33.0	37.0	27.0	37.0
125-129	32.691809330249654	37.0	33.0	37.0	27.0	37.0
130-134	32.56657452064867	37.0	33.0	37.0	26.0	37.0
135-139	32.4041862192233	37.0	33.0	37.0	22.0	37.0
140-144	32.194465549850975	37.0	33.0	37.0	22.0	37.0
145-149	31.884078700580783	37.0	33.0	37.0	19.2	37.0
150-151	30.634031202736836	35.0	30.0	37.0	8.5	37.0
>>END_MODULE
>>Per sequence quality scores	pass
#Quality	Count
2	1015716.0
3	150677.0
4	124203.0
5	127783.0
6	140174.0
7	154983.0
8	167005.0
9	176063.0
10	180382.0
11	172424.0
12	153978.0
13	131134.0
14	114060.0
15	100697.0
16	93628.0
17	91395.0
18	96779.0
19	110791.0
20	133132.0
21	172064.0
22	226899.0
23	301548.0
24	386429.0
25	485868.0
26	604779.0
27	754376.0
28	913945.0
29	1111621.0
30	1426826.0
31	1881837.0
32	2539671.0
33	3400218.0
34	4276248.0
35	6062824.0
36	1.3312187E7
37	2.9694955E7
38	412784.0
>>END_MODULE
>>Per base sequence content	fail
#Base	G	A	T	C
1	35.338760421309594	16.642336188881394	13.25817578295971	34.760727606849294
2	26.98289498965249	24.826239500877616	30.480907326380695	17.709958183089196
3	22.887711601085194	27.97563200790407	25.57101586276291	23.565640528247826
4	26.576112580511722	32.05633448446659	18.497024642891255	22.870528292130434
5	26.379664640411626	35.498457377260415	19.206166404261275	18.915711578066684
6	20.511580279755318	38.319082419157354	20.62400265858063	20.545334642506702
7	19.976615729849588	18.76329892914018	37.895678109064775	23.36440723194546
8	22.927010053402896	23.26917349119963	25.50143403165359	28.302382423743882
9	23.715984389847733	23.643533976313158	26.753980164010866	25.886501469828243
10-14	24.548931855028073	27.49002789624471	23.301201018493924	24.659839230233295
15-19	24.324864281182805	27.053628464836688	24.82453086170872	23.796976392271787
20-24	24.27367360543076	27.343246710095336	24.828828468604367	23.554251215869538
25-29	24.43927768295014	27.013444334074666	24.769298789515165	23.777979193460027
30-34	24.321837266068666	26.999983669996375	24.90170556746492	23.77647349647004
35-39	24.48538349696777	26.86325671427982	24.77996408116827	23.871395707584142
40-44	24.643950218992295	26.73500644834177	24.91099414642372	23.710049186242212
45-49	24.472451567272746	26.623468430315427	24.989689951828552	23.914390050583275
50-54	24.64789082416912	26.74679503406675	24.8777288621358	23.727585279628332
55-59	24.832503992553804	26.57984794277986	24.837398066333975	23.75024999833236
60-64	24.686777472033786	26.629398737207676	24.91506885814915	23.768754932609383
65-69	24.66590343965094	26.863289544937224	24.96870716131831	23.50209985409353
70-74	24.86204354365321	26.864165299555374	24.72009279425832	23.553698362533094
75-79	24.849872270668314	26.84406126369413	24.887681437271077	23.41838502836648
80-84	25.002391556888842	26.893922920457996	24.737165990952757	23.366519531700405
85-89	25.24217086132714	26.856392370960698	24.721240713813685	23.18019605389848
90-94	25.212631145677772	26.862286473787123	24.80933421139797	23.115748169137138
95-99	25.346609150695603	27.031762973589974	24.725690757228406	22.895937118486014
100-104	25.534528585020155	26.91338098646045	24.66395611820196	22.888134310317433
105-109	25.380151817416163	26.840390748849856	24.857745629491827	22.921711804242157
110-114	25.516719374125994	26.863083344722376	24.797635637207282	22.822561643944344
115-119	25.70837276268646	26.760274713972272	24.82749829202495	22.70385423131632
120-124	25.642179750756423	26.715021170008757	24.990438340848613	22.652360738386204
125-129	25.735757266948156	26.774015853693143	24.961551714414696	22.528675164944
130-134	25.86537819568487	26.74554345845907	24.8588877829656	22.53019056289046
135-139	25.846184946957674	26.74841622403376	24.93445534718379	22.47094348182478
140-144	25.909272699131336	26.9039565162364	24.841625520846033	22.345145263786232
145-149	26.039845972959814	26.85247132032899	24.846029201099686	22.261653505611513
150-151	25.90176119609596	26.968651942920747	24.833194937714538	22.29639192326875
>>END_MODULE
>>Per base GC content	fail
#Base	%GC
1	70.0994880281589
2	44.69285317274168
3	46.45335212933302
4	49.44664087264216
5	45.29537621847831
6	41.05691492226202
7	43.34102296179505
8	51.229392477146774
9	49.60248585967598
10-14	49.20877108526137
15-19	48.12184067345459
20-24	47.82792482130029
25-29	48.21725687641017
30-34	48.09831076253871
35-39	48.356779204551906
40-44	48.35399940523451
45-49	48.38684161785602
50-54	48.375476103797446
55-59	48.58275399088617
60-64	48.45553240464317
65-69	48.16800329374446
70-74	48.415741906186305
75-79	48.268257299034794
80-84	48.36891108858924
85-89	48.422366915225616
90-94	48.32837931481491
95-99	48.24254626918162
100-104	48.422662895337595
105-109	48.30186362165832
110-114	48.33928101807034
115-119	48.41222699400278
120-124	48.294540489142626
125-129	48.26443243189216
130-134	48.39556875857533
135-139	48.31712842878245
140-144	48.254417962917564
145-149	48.301499478571316
150-151	48.19815311936471
>>END_MODULE
>>Per sequence GC content	pass
#GC Content	Count
0	72445.0
1	37977.0
2	2797.0
3	1867.0
4	1452.0
5	1224.0
6	1140.0
7	1084.5
8	1085.0
9	1093.0
10	1124.0
11	1103.0
12	1044.5
13	1071.5
14	1149.5
15	1210.5
16	1287.0
17	1443.0
18	1635.0
19	1770.5
20	1963.5
21	2125.0
22	2355.0
23	2763.5
24	3136.0
25	4179.0
26	5446.5
27	6561.0
28	8972.5
29	12898.5
30	19397.0
31	31083.5
32	51516.0
33	86936.5
34	146502.5
35	247218.5
36	388898.0
37	583597.5
38	847469.0
39	1178834.0
40	1586646.0
41	2055713.0
42	2587893.0
43	3150796.5
44	3665650.5
45	4106827.0
46	4455891.0
47	4703479.5
48	4829101.0
49	4798096.5
50	4628100.5
51	4340733.5
52	3947820.5
53	3486304.5
54	3008448.5
55	2536623.5
56	2119754.5
57	1778328.5
58	1469339.0
59	1162251.5
60	882837.0
61	676612.0
62	551504.5
63	422951.5
64	280567.0
65	180127.5
66	105225.0
67	57968.5
68	31714.5
69	19928.5
70	12352.0
71	7200.5
72	4345.0
73	3097.0
74	2426.5
75	1988.0
76	1591.5
77	1358.5
78	1154.5
79	936.0
80	741.5
81	655.0
82	577.0
83	460.5
84	402.0
85	383.0
86	337.0
87	283.5
88	268.0
89	250.0
90	211.5
91	197.5
92	186.5
93	148.0
94	135.0
95	139.0
96	110.0
97	77.0
98	62.0
99	55.0
100	56.5
>>END_MODULE
>>Per base N content	pass
#Base	N-Count
1	0.3001845249955802
2	0.2880668920230807
3	0.29477136602208154
4	0.3143203629049003
5	0.33945898914431233
6	0.21013140839065975
7	0.30418732146291766
8	0.17968466507244815
9	0.17138215371542356
10-14	0.15906199996994402
15-19	0.15701018162681968
20-24	0.1585426728425512
25-29	0.15411270600343702
30-34	0.15125808747309158
35-39	0.14908974265478095
40-44	0.13729815972342777
45-49	0.1281410275111305
50-54	0.1356146882910486
55-59	0.14230711748612393
60-64	0.1412508161930288
65-69	0.1302987280841116
70-74	0.12723150475889503
75-79	0.11770854664132534
80-84	0.1155794174637024
85-89	0.11661891205364565
90-94	0.11402703831590784
95-99	0.11428081953350111
100-104	0.1281012516470044
105-109	0.11749426117613895
110-114	0.12445503739820583
115-119	0.12346120101849181
120-124	0.1169259144978865
125-129	0.11896288691989336
130-134	0.12623794849090023
135-139	0.1240124608818732
140-144	0.12611441922273395
145-149	0.11536625244539282
150-151	0.11005799531073374
>>END_MODULE
>>Sequence Length Distribution	pass
#Length	Count
151	7.1400083E7
>>END_MODULE
>>Sequence Duplication Levels	fail
#Total Duplicate Percentage	87.96383491389791
#Duplication Level	Relative count
1	100.0
2	56.13062004114017
3	49.00455480458419
4	39.59741404642962
5	33.12518366147517
6	27.490449603291214
7	23.12665295327652
8	20.022774022920952
9	17.727005583308845
10++	368.42124595944756
>>END_MODULE
>>Overrepresented sequences	pass
>>END_MODULE
>>Kmer Content	warn
#Sequence	Count	Obs/Exp Overall	Obs/Exp Max	Max Obs/Exp Position
GAAGA	42747695	3.3434877	6.829859	2
TGATG	30911480	2.8481476	5.459299	4
GATGA	32289615	2.741118	5.577144	5
TTGGA	27995840	2.579504	6.38869	2
CAACA	26223805	2.3770711	6.139085	1
TGAAG	25983560	2.2057872	5.109579	7
AACAA	27483810	2.1602592	5.8278646	2
CCACC	17251635	2.0797534	5.1899056	8
CTTTG	17658355	1.9010801	5.4110074	1
ATCAA	22120645	1.8871416	6.1298847	6
ATGAA	23638435	1.8732501	5.0525446	6
TCCAA	19004565	1.8697443	5.975198	7
CTTCA	17489690	1.8676014	5.253041	1
CTTGG	17283890	1.8365457	5.008889	1
ACAAC	19874270	1.8015141	5.216198	3
AAGAT	21673185	1.7175118	5.324677	3
ATTGA	19958340	1.7166401	5.883922	6
GTTGA	17720070	1.6327065	5.066688	1
ATCCA	14300070	1.4068974	5.5777745	6
CAATC	13960645	1.3735036	5.205005	4
>>END_MODULE
