##FastQC	0.10.1
>>Basic Statistics	pass
#Measure	Value	
Filename	C6D2PACXX_CS19_15s010315-1-1_Ferrante_lane115s010315_sequence.txt	
File type	Conventional base calls	
Encoding	Sanger / Illumina 1.9	
Total Sequences	11656306	
Filtered Sequences	0	
Sequence length	51	
%GC	47	
>>END_MODULE
>>Per base sequence quality	pass
#Base	Mean	Median	Lower Quartile	Upper Quartile	10th Percentile	90th Percentile
1	32.74602579925407	34.0	31.0	34.0	31.0	34.0
2	32.87761551558444	34.0	31.0	34.0	31.0	34.0
3	32.89512732421404	34.0	31.0	34.0	31.0	34.0
4	36.264665838388254	37.0	37.0	37.0	35.0	37.0
5	36.18796512377077	37.0	37.0	37.0	35.0	37.0
6	36.1654053179455	37.0	37.0	37.0	35.0	37.0
7	36.16844152855973	37.0	37.0	37.0	35.0	37.0
8	36.16262596400609	37.0	37.0	37.0	35.0	37.0
9	37.9296427187138	39.0	38.0	39.0	35.0	39.0
10	37.90843617180263	39.0	38.0	39.0	35.0	39.0
11	37.929379513544	39.0	38.0	39.0	35.0	39.0
12	37.9179569410755	39.0	38.0	39.0	35.0	39.0
13	37.89729430576033	39.0	38.0	39.0	35.0	39.0
14	39.34953706603104	41.0	39.0	41.0	36.0	41.0
15	39.32893276823721	41.0	39.0	41.0	36.0	41.0
16	39.30204020038595	41.0	39.0	41.0	36.0	41.0
17	39.28192962676169	41.0	39.0	41.0	36.0	41.0
18	39.264025927253456	40.0	39.0	41.0	36.0	41.0
19	39.32516510805396	41.0	39.0	41.0	36.0	41.0
20	39.323894379574455	41.0	39.0	41.0	36.0	41.0
21	39.314339723064926	41.0	39.0	41.0	36.0	41.0
22	39.294656729155875	41.0	39.0	41.0	36.0	41.0
23	39.29181491975245	40.0	39.0	41.0	36.0	41.0
24	39.29883249461707	41.0	39.0	41.0	36.0	41.0
25	39.28294521437581	41.0	39.0	41.0	36.0	41.0
26	39.234895600716044	40.0	39.0	41.0	36.0	41.0
27	39.188395791943	40.0	39.0	41.0	36.0	41.0
28	39.168912089301706	40.0	39.0	41.0	36.0	41.0
29	39.15538430442715	40.0	39.0	41.0	36.0	41.0
30	39.113849276091415	40.0	39.0	41.0	36.0	41.0
31	39.098823503775556	40.0	39.0	41.0	36.0	41.0
32	39.0612851961848	40.0	39.0	41.0	36.0	41.0
33	39.02138533425598	40.0	39.0	41.0	36.0	41.0
34	39.00268009436266	40.0	39.0	41.0	35.0	41.0
35	38.98273380949333	40.0	39.0	41.0	35.0	41.0
36	38.95668619200628	40.0	39.0	41.0	35.0	41.0
37	38.90692634527611	40.0	38.0	41.0	35.0	41.0
38	38.87232902087505	40.0	38.0	41.0	35.0	41.0
39	38.84130298226557	40.0	38.0	41.0	35.0	41.0
40	38.811698834948224	40.0	38.0	41.0	35.0	41.0
41	38.76910300741933	40.0	38.0	41.0	35.0	41.0
42	38.73764389850438	40.0	38.0	41.0	35.0	41.0
43	38.686530106536324	40.0	38.0	41.0	35.0	41.0
44	38.6441313397229	40.0	38.0	41.0	35.0	41.0
45	38.59549251709761	40.0	38.0	41.0	35.0	41.0
46	38.53768063398473	40.0	38.0	41.0	34.0	41.0
47	38.48783808523901	40.0	38.0	41.0	34.0	41.0
48	38.42698149825511	40.0	38.0	41.0	34.0	41.0
49	38.35668658664246	40.0	38.0	41.0	34.0	41.0
50	38.28325980803867	40.0	38.0	41.0	34.0	41.0
51	37.109892362125706	39.0	36.0	40.0	31.0	41.0
>>END_MODULE
>>Per sequence quality scores	pass
#Quality	Count
6	33.0
7	536.0
8	2259.0
9	5206.0
10	5445.0
11	2771.0
12	1130.0
13	703.0
14	543.0
15	436.0
16	437.0
17	453.0
18	491.0
19	601.0
20	902.0
21	1592.0
22	2669.0
23	4748.0
24	7795.0
25	12789.0
26	20044.0
27	31174.0
28	45836.0
29	65154.0
30	89283.0
31	120460.0
32	157973.0
33	207819.0
34	279597.0
35	389560.0
36	570434.0
37	928930.0
38	2020075.0
39	6669528.0
40	8900.0
>>END_MODULE
>>Per base sequence content	fail
#Base	G	A	T	C
1	22.39163732919497	14.641969830077993	16.9312067582548	46.03518608247224
2	23.271593058013746	22.251725727686956	34.6338138373805	19.8428673769188
3	22.539464904232954	25.804821870668114	25.074642000647547	26.58107122445138
4	24.83697154644893	29.73511833924024	19.08275055054976	26.345159563761065
5	25.39232693437744	33.835726937793176	21.381737464955446	19.39020866287394
6	19.42352920384897	36.01708808948564	22.675743069888522	21.883639636776866
7	17.580732695246677	17.07450027478688	42.74469973591977	22.60006729404667
8	20.997990272389895	21.867922822204562	27.720677545699296	29.41340935970624
9	21.63444405114279	21.489801314412986	30.184485547994367	26.69126908644986
10	20.794293382538527	36.76856875237963	22.83086234973905	19.606275515342794
11	25.643353310572063	25.65565623534792	20.736279429106542	27.964711024973475
12	22.24220505717385	22.412296035171238	28.03319974108011	27.3122991665748
13	21.15854450529662	26.352003011590813	29.168334577582005	23.321117905530556
14	22.35356552925086	26.25319719643599	27.799887889010467	23.593349385302684
15	22.695552090001755	25.960068309805866	26.75554330848898	24.58883629170339
16	23.165312513405688	25.941075028956284	26.37918579211531	24.514426665522716
17	23.78938209540883	26.407152509257507	25.978866042044345	23.824599353289322
18	22.878852875618374	26.442768184852234	26.173249207675635	24.505129731853756
19	23.072609795933634	26.386266798417957	26.075670971575388	24.465452434073022
20	23.69612904604011	26.52197528182408	25.923499923087608	23.858395749048203
21	22.88466519261388	26.494344388386054	26.415906112223098	24.20508430677696
22	22.82961426860758	26.547457903685284	26.261439574971224	24.361488252735917
23	23.451076626581767	26.788414417523	26.162874843098212	23.597634112797017
24	22.887276638070414	26.63875673819819	26.31342210817046	24.160544515560932
25	22.905129635409367	26.587471193704076	26.1764661977817	24.330932973104858
26	23.444461040329802	26.825614831082152	26.063426156569967	23.66649797201808
27	22.85358381516282	26.49815484254831	26.382212007720256	24.266049334568613
28	22.904680116539637	26.383007381530042	26.410924046766848	24.301388455163465
29	23.579124376914297	26.62552227665434	26.057482605077343	23.737870741354016
30	22.93050573604974	26.525369167685938	26.333655587174643	24.210469509089684
31	22.992452660833287	26.549964212502136	26.198507900322916	24.259075226341658
32	23.54745830620094	26.737910106633517	26.1058648004729	23.608766786692645
33	22.897239090849954	26.535095661296072	26.32600687270832	24.241658375145654
34	23.090782573479952	26.34483581126532	26.162002525980533	24.40237908927419
35	23.671654584193934	26.597647994128735	26.030560148676372	23.70013727300095
36	23.040915148327173	26.54376361700174	26.269668764153316	24.14565247051777
37	23.164200135500206	26.48599801187399	26.108964789946786	24.240837062679017
38	23.681210952435514	26.67099223243393	26.023195846426965	23.62460096870359
39	23.07769279969435	26.50944038243313	26.284287890020952	24.128578927851567
40	23.067598738710952	26.36896901438042	26.31349303104415	24.249939215864483
41	23.663708372001935	26.557996380841974	26.193866448846652	23.584428798309435
42	23.062785000001288	26.45031653869308	26.400479207091397	24.08641925421423
43	23.148032568652717	26.34895355182748	26.29964948385152	24.203364395668277
44	23.70685875954183	26.56145952242503	26.137620271808238	23.594061446224902
45	23.14043006843047	26.44754663633206	26.346643847645286	24.065379447592193
46	23.209480655041364	26.35391632688446	26.167715646922534	24.268887371151642
47	23.76486781443482	26.626221023938722	26.030388880591044	23.57852228103542
48	23.082987865842224	26.436795020257915	26.40745437658596	24.072762737313905
49	23.179607673305764	26.33558178723174	26.247878187137502	24.236932352325
50	23.780366337498368	26.557890078846995	26.144678140801076	23.517065442853557
51	23.236774677917225	26.426931970812195	26.335431401831126	24.000861949439454
>>END_MODULE
>>Per base GC content	fail
#Base	%GC
1	68.4268234116672
2	43.114460434932546
3	49.120536128684336
4	51.182131110209994
5	44.782535597251375
6	41.30716884062584
7	40.18079998929335
8	50.411399632096135
9	48.32571313759264
10	40.40056889788132
11	53.60806433554555
12	49.55450422374865
13	44.479662410827174
14	45.94691491455355
15	47.28438838170514
16	47.6797391789284
17	47.61398144869815
18	47.38398260747213
19	47.53806223000666
20	47.55452479508831
21	47.08974949939084
22	47.191102521343495
23	47.048710739378784
24	47.04782115363135
25	47.236062608514224
26	47.110959012347884
27	47.119633149731435
28	47.2060685717031
29	47.31699511826831
30	47.14097524513942
31	47.25152788717495
32	47.15622509289359
33	47.13889746599561
34	47.49316166275414
35	47.37179185719489
36	47.18656761884495
37	47.405037198179215
38	47.3058119211391
39	47.20627172754592
40	47.317537954575435
41	47.248137170311374
42	47.14920425421552
43	47.351396964321
44	47.30092020576674
45	47.20580951602266
46	47.47836802619301
47	47.343390095470234
48	47.15575060315613
49	47.41654002563076
50	47.29743178035192
51	47.23763662735668
>>END_MODULE
>>Per sequence GC content	pass
#GC Content	Count
0	124.0
1	78.0
2	32.0
3	23.0
4	14.0
5	18.5
6	23.0
7	23.0
8	23.0
9	28.0
10	33.0
11	69.0
12	105.0
13	142.5
14	180.0
15	332.5
16	485.0
17	714.0
18	943.0
19	1509.0
20	2075.0
21	2881.5
22	3688.0
23	5464.5
24	7241.0
25	10874.0
26	21180.5
27	27854.0
28	39800.5
29	51747.0
30	75809.5
31	99872.0
32	137076.0
33	174280.0
34	234209.0
35	294138.0
36	376045.0
37	457952.0
38	557806.0
39	657660.0
40	768953.0
41	880246.0
42	983459.5
43	1086673.0
44	1156302.5
45	1225932.0
46	1253518.0
47	1281104.0
48	1257039.5
49	1232975.0
50	1173038.0
51	1113101.0
52	1020994.0
53	928887.0
54	825163.5
55	721440.0
56	619278.0
57	517116.0
58	433536.0
59	349956.0
60	286547.0
61	223138.0
62	177896.5
63	132655.0
64	102189.0
65	71723.0
66	56737.0
67	41751.0
68	33449.5
69	25148.0
70	19857.0
71	14566.0
72	11370.0
73	8174.0
74	6414.0
75	3480.5
76	2307.0
77	1548.0
78	789.0
79	635.0
80	481.0
81	351.0
82	221.0
83	160.0
84	99.0
85	88.5
86	78.0
87	58.0
88	38.0
89	33.0
90	28.0
91	24.0
92	20.0
93	16.5
94	13.0
95	10.5
96	8.0
97	7.5
98	7.0
99	4.5
100	2.0
>>END_MODULE
>>Per base N content	pass
#Base	N-Count
1	0.051139700690767724
2	0.01670340500669766
3	0.0
4	0.013657843230951554
5	0.03734459270372621
6	0.0
7	0.0
8	0.0
9	0.0
10	7.206399694723182E-4
11	0.004641264565291955
12	0.0016385980258239617
13	6.863237804498269E-5
14	0.0
15	0.0
16	0.006914712088032005
17	7.635352057504325E-4
18	0.006228388307582179
19	0.0
20	0.0016042818368014705
21	6.005333078935985E-5
22	5.147428353373701E-4
23	0.0011066970959753457
24	0.0
25	0.0
26	0.0011753294740203285
27	0.019620281073609424
28	0.0015957027895458476
29	0.005198902636907439
30	0.007703984435549307
31	0.023978437079465828
32	0.004255207438788927
33	0.03294354146159169
34	0.012233721386518164
35	0.031004676781820933
36	0.02295753045604671
37	0.05266677110226859
38	0.03990114878590181
39	0.03224863863388624
40	0.03789365172808607
41	0.03321807097377162
42	0.0033029331934147916
43	5.7479616612673E-4
44	0.0
45	0.004572632187246972
46	5.576380716154843E-4
47	2.5737141766868506E-5
48	0.0010294856706747403
49	0.0
50	5.147428353373701E-4
51	0.07112888079636893
>>END_MODULE
>>Sequence Length Distribution	pass
#Length	Count
51	1.1656306E7
>>END_MODULE
>>Sequence Duplication Levels	fail
#Total Duplicate Percentage	57.01326482907779
#Duplication Level	Relative count
1	100.0
2	35.867296495660774
3	17.65461935625618
4	10.789849500164781
5	7.5184005272986925
6	5.555311435790399
7	4.317258046797759
8	3.542788091837856
9	2.989124464462265
10++	31.473140722838625
>>END_MODULE
>>Overrepresented sequences	pass
>>END_MODULE
>>Kmer Content	warn
#Sequence	Count	Obs/Exp Overall	Obs/Exp Max	Max Obs/Exp Position
GAAGA	1526435	2.9202511	6.2809434	2
TCTTC	1617765	2.7108002	5.537405	7
AAGAA	1492070	2.4911647	5.4842076	2
CAACA	1450545	2.4271495	5.484234	1
CTTCT	1446350	2.4235692	5.373792	1
TTGGA	1164280	2.2295156	5.5648413	2
CTTGG	1063245	2.1818597	7.3624244	1
TCTTG	1182075	2.1179485	5.1089935	7
TCCAA	1263160	2.1146052	7.230437	7
CTTCA	1229655	2.0594904	6.702736	1
AACAA	1283220	2.0036693	5.228756	2
CTCCA	1115855	2.0017924	6.805537	1
ATCAA	1255890	1.9619237	6.040063	6
CTCCT	1059540	1.9016659	5.4131517	1
CTTGA	1053245	1.886228	6.0777755	1
CTTTG	998795	1.7895619	6.381547	1
CTCAA	1015695	1.700334	6.049492	1
ATCCA	1002425	1.6781192	6.785305	6
TTTGA	989390	1.6542362	5.1917157	2
AAGAT	989095	1.6521779	5.2267923	3
ATTGA	932285	1.5580202	5.79449	6
CAATC	923910	1.5466803	5.9040146	4
>>END_MODULE
