##FastQC	0.10.1
>>Basic Statistics	pass
#Measure	Value	
Filename	C6D2PACXX_NoCL15_15s010311-1-1_Ferrante_lane115s010311_sequence.txt	
File type	Conventional base calls	
Encoding	Sanger / Illumina 1.9	
Total Sequences	10513202	
Filtered Sequences	0	
Sequence length	51	
%GC	47	
>>END_MODULE
>>Per base sequence quality	pass
#Base	Mean	Median	Lower Quartile	Upper Quartile	10th Percentile	90th Percentile
1	32.737684674944894	34.0	31.0	34.0	31.0	34.0
2	32.867557286543146	34.0	31.0	34.0	31.0	34.0
3	32.885217843241286	34.0	31.0	34.0	31.0	34.0
4	36.25362815248865	37.0	37.0	37.0	35.0	37.0
5	36.17700401837613	37.0	37.0	37.0	35.0	37.0
6	36.153519165711835	37.0	37.0	37.0	35.0	37.0
7	36.157373081959236	37.0	37.0	37.0	35.0	37.0
8	36.15124887736391	37.0	37.0	37.0	35.0	37.0
9	37.91776758403387	39.0	38.0	39.0	35.0	39.0
10	37.89698847220856	39.0	38.0	39.0	35.0	39.0
11	37.91850085254711	39.0	38.0	39.0	35.0	39.0
12	37.90679832842554	39.0	38.0	39.0	35.0	39.0
13	37.88360177993346	39.0	38.0	39.0	35.0	39.0
14	39.336469897563084	41.0	39.0	41.0	36.0	41.0
15	39.313979413693374	41.0	39.0	41.0	36.0	41.0
16	39.28775885786271	41.0	39.0	41.0	36.0	41.0
17	39.267746591381005	40.0	39.0	41.0	36.0	41.0
18	39.24968939053963	40.0	39.0	41.0	36.0	41.0
19	39.31046935082195	41.0	39.0	41.0	36.0	41.0
20	39.308234541674366	41.0	39.0	41.0	36.0	41.0
21	39.29849488291008	41.0	39.0	41.0	36.0	41.0
22	39.27906065155031	40.0	39.0	41.0	36.0	41.0
23	39.275534608770954	40.0	39.0	41.0	36.0	41.0
24	39.28166680332024	41.0	39.0	41.0	36.0	41.0
25	39.26473685181736	41.0	39.0	41.0	36.0	41.0
26	39.21970575662866	40.0	39.0	41.0	36.0	41.0
27	39.17102972053614	40.0	39.0	41.0	36.0	41.0
28	39.149508874651126	40.0	39.0	41.0	36.0	41.0
29	39.13598359472214	40.0	39.0	41.0	36.0	41.0
30	39.092428738646895	40.0	39.0	41.0	36.0	41.0
31	39.078795784576386	40.0	39.0	41.0	36.0	41.0
32	39.04071804194383	40.0	39.0	41.0	36.0	41.0
33	39.00007010233419	40.0	39.0	41.0	35.0	41.0
34	38.980190431040896	40.0	39.0	41.0	35.0	41.0
35	38.9593870639982	40.0	39.0	41.0	35.0	41.0
36	38.93201509873015	40.0	39.0	41.0	35.0	41.0
37	38.88226022861541	40.0	38.0	41.0	35.0	41.0
38	38.84810631432745	40.0	38.0	41.0	35.0	41.0
39	38.81354367584681	40.0	38.0	41.0	35.0	41.0
40	38.782712155630605	40.0	38.0	41.0	35.0	41.0
41	38.73914493415042	40.0	38.0	41.0	35.0	41.0
42	38.70216000795951	40.0	38.0	41.0	35.0	41.0
43	38.65204682645687	40.0	38.0	41.0	35.0	41.0
44	38.60888956570986	40.0	38.0	41.0	35.0	41.0
45	38.55675426002468	40.0	38.0	41.0	34.0	41.0
46	38.495462181740635	40.0	38.0	41.0	34.0	41.0
47	38.443509979167146	40.0	38.0	41.0	34.0	41.0
48	38.38055684652497	40.0	38.0	41.0	34.0	41.0
49	38.30740634489854	40.0	38.0	41.0	34.0	41.0
50	38.232300682513284	40.0	37.0	41.0	34.0	41.0
51	37.06172020665065	39.0	36.0	40.0	31.0	41.0
>>END_MODULE
>>Per sequence quality scores	pass
#Quality	Count
6	39.0
7	571.0
8	2382.0
9	5395.0
10	5794.0
11	2928.0
12	1180.0
13	709.0
14	556.0
15	492.0
16	486.0
17	478.0
18	455.0
19	647.0
20	904.0
21	1457.0
22	2512.0
23	4230.0
24	7216.0
25	11832.0
26	18708.0
27	28601.0
28	41960.0
29	59442.0
30	81834.0
31	108751.0
32	143422.0
33	189977.0
34	253312.0
35	352208.0
36	518651.0
37	846452.0
38	1838890.0
39	5972960.0
40	7771.0
>>END_MODULE
>>Per base sequence content	fail
#Base	G	A	T	C
1	22.586793899195786	14.151694051891953	16.653884092714026	46.607627956198236
2	23.65010350174482	22.351448905509123	33.617085118019766	20.38136247472629
3	22.841566251651972	25.85638514317522	24.563724733910753	26.73832387126206
4	25.041510674621954	29.537867800178734	18.806347637130777	26.614273888068535
5	25.438576124848655	33.6971593367967	21.213226156497008	19.651038381857635
6	19.468902052866483	35.92200549366406	22.3045081793349	22.30458427413456
7	17.66404754707462	16.853447693671253	42.4867704434862	22.995734315767926
8	21.155647917732388	21.80885518988411	27.363870683736508	29.671626208646995
9	21.489437756451366	21.415426051929753	30.012026783086636	27.08310940853224
10	20.80224717326989	36.59657994929953	22.710653232404198	19.890519645026373
11	25.8426570835627	25.318584652479785	20.48432229722062	28.354435966736897
12	22.364491460056772	22.12556842669877	27.86100535060895	27.648934762635513
13	21.15256772280375	26.13510061221207	29.039291320510134	23.67304034447404
14	22.499672316768955	26.04129550635477	27.64446074564153	23.814571431234747
15	22.726701151561628	25.76864783916451	26.56521771388013	24.939433295393734
16	23.14958736396557	25.71881695656525	26.276072513139702	24.855523166329476
17	23.85878604125795	26.29005172106296	25.812296534094287	24.038865703584804
18	22.917595906862807	26.268139981456574	26.03568605773955	24.778578053941068
19	23.186285205972453	26.106993854013265	25.854473261333705	24.852247678680577
20	23.840434521732746	26.295139500561014	25.77481604812902	24.089609929577225
21	22.927156661839714	26.29825461191996	26.274151561200444	24.500437165039884
22	22.855215475774443	26.250742641076126	26.135943599798882	24.758098283350552
23	23.631028470879123	26.551472530491267	25.929866690991886	23.887632307637723
24	22.93034034730808	26.495828768438006	26.10120113738897	24.47262974686494
25	22.964678125655723	26.372022529387333	25.960149914364816	24.703149430592124
26	23.601646295336113	26.677087991230714	25.823587597101856	23.897678116331317
27	22.932111617780826	26.30836425534441	26.175133936713312	24.584390190161447
28	22.972599306291084	26.165191754442453	26.20771031826619	24.654498621000272
29	23.693238232813638	26.417285586738892	25.880951606376534	24.008524574070936
30	22.978229438795513	26.319833316955858	26.147846064179213	24.554091180069417
31	23.059436692213904	26.255135889071934	26.078742449880338	24.60668496883383
32	23.735595769612978	26.538703258514364	25.90196500512661	23.82373596674605
33	22.942544016690274	26.368547288177574	26.162192960279242	24.52671573485291
34	23.15587687203437	26.12780590517807	25.97009882045032	24.746218402337238
35	23.823389124575534	26.401678485146412	25.81167584669503	23.963256543583018
36	23.135534942557783	26.311373437597517	26.077222375293225	24.475869244551475
37	23.220149598538143	26.17451944631582	26.037724823922364	24.56760613122367
38	23.86486484171895	26.41702832862457	25.784596868834818	23.93350996082166
39	23.17090622331089	26.304188886977464	26.091732141416323	24.433172748295323
40	23.139640116692267	26.10195434523026	26.140938674519482	24.617466863557986
41	23.840194169066695	26.32915569416317	25.959627023054345	23.871023113715797
42	23.128854453954297	26.214662491707756	26.231622707398326	24.424860346939617
43	23.27007185960349	25.99297888099834	26.12676385235656	24.610185407041605
44	23.957810379749194	26.286092476868607	25.933725995182055	23.82237114820014
45	23.259042140724773	26.17300130812261	26.184387453894193	24.383569097258423
46	23.336938978482554	26.045776601176584	26.005189313491762	24.612095106849104
47	23.95600768557623	26.39685347943538	25.84052429326941	23.806614541718982
48	23.193357243174116	26.249828190624942	26.191424893026372	24.365389673174576
49	23.301292983812164	26.12519002298253	26.004341969268737	24.56917502393657
50	23.893115822613176	26.329077610231842	25.9691660063024	23.808640560852577
51	23.313315628658728	26.156781556678755	26.20409872735753	24.325804087304988
>>END_MODULE
>>Per base GC content	fail
#Base	%GC
1	69.19442185539401
2	44.031465976471104
3	49.57989012291403
4	51.655784562690485
5	45.08961450670629
6	41.77348632700104
7	40.65978186284255
8	50.827274126379386
9	48.57254716498361
10	40.69276681829626
11	54.19709305029959
12	50.01342622269228
13	44.82560806727779
14	46.314243748003705
15	47.66613444695536
16	48.00511053029505
17	47.897651744842754
18	47.696173960803876
19	48.03853288465303
20	47.93004445130997
21	47.4275938268796
22	47.613313759125
23	47.518660778516846
24	47.40297009417302
25	47.66782755624785
26	47.49932441166743
27	47.51650180794228
28	47.62709792729135
29	47.701762806884574
30	47.53232061886493
31	47.66612166104773
32	47.55933173635903
33	47.469259751543184
34	47.90209527437161
35	47.786645668158556
36	47.61140418710926
37	47.78775572976181
38	47.79837480254061
39	47.604078971606214
40	47.757106980250256
41	47.71121728278249
42	47.553714800893914
43	47.880257266645096
44	47.78018152794933
45	47.642611237983196
46	47.94903408533166
47	47.76262222729521
48	47.558746916348696
49	47.870468007748734
50	47.70175638346576
51	47.639119715963716
>>END_MODULE
>>Per sequence GC content	pass
#GC Content	Count
0	72.0
1	44.0
2	16.0
3	14.5
4	13.0
5	14.5
6	16.0
7	16.5
8	17.0
9	30.5
10	44.0
11	60.5
12	77.0
13	107.0
14	137.0
15	281.0
16	425.0
17	607.0
18	789.0
19	1235.0
20	1681.0
21	2364.0
22	3047.0
23	4729.5
24	6412.0
25	9530.5
26	18032.5
27	23416.0
28	33578.0
29	43740.0
30	63499.5
31	83259.0
32	114385.5
33	145512.0
34	195819.5
35	246127.0
36	316423.0
37	386719.0
38	473793.5
39	560868.0
40	655798.5
41	750729.0
42	843259.0
43	935789.0
44	1002027.5
45	1068266.0
46	1101711.5
47	1135157.0
48	1122961.0
49	1110765.0
50	1065807.0
51	1020849.0
52	944526.0
53	868203.0
54	781579.5
55	694956.0
56	597459.0
57	499962.0
58	424406.5
59	348851.0
60	289993.0
61	231135.0
62	186070.0
63	141005.0
64	109475.0
65	77945.0
66	62434.0
67	46923.0
68	38526.0
69	30129.0
70	24161.0
71	18193.0
72	13902.5
73	9612.0
74	7422.5
75	3864.5
76	2496.0
77	1678.0
78	860.0
79	711.0
80	562.0
81	391.0
82	220.0
83	178.0
84	136.0
85	103.5
86	71.0
87	61.0
88	51.0
89	43.5
90	36.0
91	24.0
92	12.0
93	11.0
94	10.0
95	6.0
96	2.0
97	3.0
98	4.0
99	4.0
100	4.0
>>END_MODULE
>>Per base N content	pass
#Base	N-Count
1	0.05143057272180254
2	0.01697865217466572
3	0.0
4	0.013773158738888494
5	0.037723996932618624
6	0.0
7	0.0
8	0.0
9	0.0
10	7.894835464970615E-4
11	0.005069816027505227
12	0.0018357870418546128
13	1.4267774936693883E-4
14	0.0
15	0.0
16	0.007514361466658778
17	7.32412446750286E-4
18	0.00552638482547943
19	0.0
20	0.001198493094682286
21	9.511849957795922E-5
22	4.565687979742042E-4
23	0.0010367916453997556
24	0.0
25	0.0
26	0.0013601945439648167
27	0.019794159762173313
28	0.0013982419437960005
29	0.005098351577378614
30	0.0075619207164477585
31	0.02479739283997397
32	0.003852299232907348
33	0.03432826649768548
34	0.012451011594754861
35	0.03090400051287895
36	0.023456221995924745
37	0.052115425918763864
38	0.03879883597784956
39	0.03137008116081095
40	0.036630134187472095
41	0.03422363614814973
42	0.0034623133846377156
43	5.99246547341143E-4
44	0.0
45	0.004052048082021063
46	5.516872975521635E-4
47	1.9023699915591844E-5
48	9.226494459062044E-4
49	0.0
50	6.182702472567349E-4
51	0.07135789838338501
>>END_MODULE
>>Sequence Length Distribution	pass
#Length	Count
51	1.0513202E7
>>END_MODULE
>>Sequence Duplication Levels	fail
#Total Duplicate Percentage	63.012571639859495
#Duplication Level	Relative count
1	100.0
2	39.17101941868893
3	20.9981755929323
4	13.591832654387325
5	9.79931522255267
6	7.492564916402169
7	6.0280408867118185
8	4.914652737860195
9	4.221128133356659
10++	43.7020468347787
>>END_MODULE
>>Overrepresented sequences	pass
>>END_MODULE
>>Kmer Content	warn
#Sequence	Count	Obs/Exp Overall	Obs/Exp Max	Max Obs/Exp Position
GAAGA	1399255	3.0146544	6.539585	2
TCTTC	1498835	2.7792726	5.641969	7
AAGAA	1357895	2.584658	5.7686367	2
CTTCT	1355425	2.5133488	5.4272094	1
CAACA	1347545	2.494063	5.9181046	1
TGTTG	1102660	2.3801017	5.1553016	7
CTTGG	1010170	2.286087	7.541831	1
TTGGA	1042725	2.2493272	5.6288776	2
TCTTG	1096060	2.1928046	5.294297	7
TCCAA	1151065	2.1317437	7.3774905	7
CTTCA	1139665	2.1119492	6.574926	1
AACAA	1165625	2.0563993	5.629119	2
CTCCA	1051425	2.0428145	6.683221	1
ATCAA	1125485	1.9868239	6.2024565	6
CTCCT	989935	1.9245465	5.264865	1
CTTGA	951140	1.9016867	5.9872923	1
CTCAA	937640	1.736486	6.0137076	1
CTTTG	862215	1.7249686	6.176897	1
ATCCA	922705	1.7088267	7.074313	6
AAGAT	895880	1.7063093	5.393914	3
TTTGA	836905	1.5959756	5.087278	2
ATTGA	804790	1.5337746	5.726353	6
CAATC	819600	1.517879	5.845096	4
>>END_MODULE
