##FastQC	0.10.1
>>Basic Statistics	pass
#Measure	Value	
Filename	NoCL9_fastq-q-filt.txt	
File type	Conventional base calls	
Encoding	Sanger / Illumina 1.9	
Total Sequences	12490479	
Filtered Sequences	0	
Sequence length	50-51	
%GC	48	
>>END_MODULE
>>Per base sequence quality	pass
#Base	Mean	Median	Lower Quartile	Upper Quartile	10th Percentile	90th Percentile
1	32.94581440791822	34.0	31.0	34.0	31.0	34.0
2	33.07530776041495	34.0	33.0	34.0	31.0	34.0
3	33.098741929753054	34.0	33.0	34.0	31.0	34.0
4	36.46673093962209	37.0	37.0	37.0	35.0	37.0
5	36.407367323543	37.0	37.0	37.0	35.0	37.0
6	36.3868944497645	37.0	37.0	37.0	35.0	37.0
7	36.38373772535064	37.0	37.0	37.0	35.0	37.0
8	36.38426724867797	37.0	37.0	37.0	35.0	37.0
9	38.206403933748255	39.0	38.0	39.0	37.0	39.0
10	38.19482935762512	39.0	38.0	39.0	37.0	39.0
11	38.21577282984904	39.0	38.0	39.0	37.0	39.0
12	38.207148340748184	39.0	38.0	39.0	37.0	39.0
13	38.188249465853154	39.0	38.0	39.0	37.0	39.0
14	39.68118220286028	41.0	39.0	41.0	37.0	41.0
15	39.65408260163601	41.0	39.0	41.0	37.0	41.0
16	39.635563616095105	41.0	39.0	41.0	37.0	41.0
17	39.615464386914226	41.0	39.0	41.0	37.0	41.0
18	39.60119015451689	41.0	39.0	41.0	37.0	41.0
19	39.657397286365075	41.0	39.0	41.0	37.0	41.0
20	39.658200217942	41.0	39.0	41.0	37.0	41.0
21	39.652874881739926	41.0	39.0	41.0	37.0	41.0
22	39.636974370638626	41.0	39.0	41.0	37.0	41.0
23	39.63734289133347	41.0	39.0	41.0	37.0	41.0
24	39.646977669951646	41.0	39.0	41.0	37.0	41.0
25	39.63842691701415	41.0	39.0	41.0	37.0	41.0
26	39.617623151201805	41.0	39.0	41.0	37.0	41.0
27	39.58827359623278	41.0	39.0	41.0	37.0	41.0
28	39.578754185488	41.0	39.0	41.0	37.0	41.0
29	39.57114991346609	41.0	39.0	41.0	37.0	41.0
30	39.53592043988065	41.0	39.0	41.0	37.0	41.0
31	39.53552397790349	41.0	39.0	41.0	37.0	41.0
32	39.50252508330545	40.0	39.0	41.0	37.0	41.0
33	39.47496545168524	40.0	39.0	41.0	37.0	41.0
34	39.459010499116964	40.0	39.0	41.0	37.0	41.0
35	39.44632331554298	40.0	39.0	41.0	37.0	41.0
36	39.421401372997785	40.0	39.0	41.0	37.0	41.0
37	39.388280545525916	40.0	39.0	41.0	36.0	41.0
38	39.35617096830314	40.0	39.0	41.0	36.0	41.0
39	39.32802136731506	40.0	39.0	41.0	36.0	41.0
40	39.30098485414371	40.0	39.0	41.0	36.0	41.0
41	39.25658087251898	40.0	39.0	41.0	36.0	41.0
42	39.21529558634221	40.0	39.0	41.0	36.0	41.0
43	39.165611422908604	40.0	39.0	41.0	36.0	41.0
44	39.11489423263912	40.0	38.0	41.0	35.0	41.0
45	39.06102352039501	40.0	38.0	41.0	35.0	41.0
46	38.995858045155835	40.0	38.0	41.0	35.0	41.0
47	38.94318112219715	40.0	38.0	41.0	35.0	41.0
48	38.87412100048365	40.0	38.0	41.0	35.0	41.0
49	38.80382081423779	40.0	38.0	41.0	35.0	41.0
50	38.71886602587459	40.0	38.0	41.0	35.0	41.0
51	37.76351938232578	39.0	36.0	41.0	33.0	41.0
>>END_MODULE
>>Per sequence quality scores	pass
#Quality	Count
26	1.0
27	14.0
28	203.0
29	1840.0
30	11484.0
31	44381.0
32	109927.0
33	195651.0
34	296274.0
35	425728.0
36	635964.0
37	1053918.0
38	2305721.0
39	7400366.0
40	9007.0
>>END_MODULE
>>Per base sequence content	fail
#Base	G	A	T	C
1	24.629194218190527	14.622417746682665	12.294358197027691	48.45402983809912
2	23.39398095210033	19.702782816999996	35.86506508676941	21.03817114413026
3	23.417252452848285	24.10952374204384	24.725665044551135	27.74755876055674
4	26.99557378991836	28.39450599075684	18.859778497330502	25.75014172199429
5	27.75662676886424	32.248857597248595	20.597102351822407	19.39741328206476
6	21.115219040038415	35.5772584862438	21.585825491560414	21.721696982157372
7	18.702901626110577	18.78487606440073	40.33907746852623	22.173144840962465
8	21.175649068382405	22.404721228064993	28.26652204451086	28.153107659041737
9	21.44931351311667	21.720632171112094	30.69550014855315	26.134554167218088
10	21.158227798949905	35.25283537965198	23.521804087737546	20.067132733660575
11	26.120455428490775	25.750789861621797	20.597440658600842	27.531314051286582
12	23.089626907022538	22.421221796217743	27.12746244559556	27.361688851164157
13	21.95613955237425	25.542487201651753	28.39545224806831	24.105920997905685
14	23.25774696070503	25.682802076685768	27.043502494980377	24.015948467628824
15	23.2691316321816	25.521263035628976	26.17306349900592	25.036541833183502
16	23.956048284883565	25.3267450811092	25.715064870221926	25.002141763785314
17	24.5306531285775	26.207654541423807	25.358417580108995	23.903274749889693
18	23.575087240455392	25.961822768067496	25.705447719578334	24.757642271898785
19	23.7984227826651	25.713297304290734	25.574343465931133	24.913936447113034
20	24.188322397917617	25.951089741290524	25.678758499392806	24.18182936139905
21	23.48852365043109	25.963762772737937	26.152786884720914	24.394926692110065
22	23.53045632812674	25.85428922371202	25.947152230481514	24.668102217679728
23	23.979733783131497	26.41802550978784	25.900753886422496	23.701486820658168
24	23.232559776130284	26.17785915175871	26.147972387608192	24.44160868450281
25	23.479419804476674	25.9193262324047	25.899575188429523	24.701678774689107
26	24.104415851465745	26.129134038814684	25.856230173398476	23.9102199363211
27	23.050151970938533	25.94642671140141	26.168216292799396	24.835205024860656
28	23.481693536332752	25.83076277539076	25.988058584462614	24.699485103813874
29	24.077963876256966	26.15776116057132	25.715613591238075	24.048661371933644
30	23.323020678390314	26.1418637347695	25.948812691650975	24.586302895189206
31	23.490716408874313	25.86573341182512	25.951422679626617	24.69212749967395
32	24.031520328403737	26.256983419130687	25.740053684090096	23.97144256837548
33	23.206349158057954	26.13135149386138	26.087805873158548	24.574493474922118
34	23.560385474408147	25.71681998744804	25.709190175973234	25.01360436217058
35	24.11992148150734	26.173970437553734	25.59978914848043	24.1063189324585
36	23.499755293612036	26.039433715872708	25.840794416291	24.620016574224255
37	23.692545713352636	25.978519586084065	25.599325357407093	24.729609343156206
38	24.136187824358664	26.181218188641182	25.609889767193955	24.072704219806194
39	23.62803284051635	26.05142287713374	25.769286261136582	24.55125802121333
40	23.683532745604545	25.74662812523643	25.83700113406597	24.732837995093053
41	24.293127589422312	26.034750148493103	25.848360178981128	23.823762083103457
42	23.416643989393844	25.969412382023137	26.185969329118603	24.427974299464417
43	23.84655544435085	25.70401823661046	25.93159157467059	24.51783474436809
44	24.485770321538507	25.961686497371318	25.72493016480793	23.827613016282243
45	23.646475047113885	25.845469977572517	26.043676947857648	24.46437802745595
46	23.75166716984993	25.75000526400949	25.805503535933248	24.692824030207326
47	24.21619699292557	26.271842737176055	25.632595835596057	23.879364434302317
48	23.423849477670153	26.009138640719865	26.0889114020367	24.478100479573282
49	23.790488739463076	25.8529556792818	25.660793313050682	24.695762268204447
50	24.30789884038875	26.17732274318703	25.68008000333694	23.83469841308728
51	23.68143474796346	25.999462324202383	25.957520387545753	24.361582540288403
>>END_MODULE
>>Per base GC content	fail
#Base	%GC
1	73.08322405628964
2	44.432152096230595
3	51.164811213405024
4	52.74571551191265
5	47.154040050929005
6	42.83691602219579
7	40.87604646707304
8	49.32875672742414
9	47.583867680334755
10	41.22536053261048
11	53.65176947977736
12	50.4513157581867
13	46.06206055027994
14	47.27369542833385
15	48.3056734653651
16	48.95819004866888
17	48.433927878467195
18	48.33272951235418
19	48.71235922977814
20	48.37015175931666
21	47.88345034254115
22	48.19855854580646
23	47.68122060378966
24	47.67416846063309
25	48.18109857916578
26	48.014635787786844
27	47.88535699579919
28	48.181178640146626
29	48.126625248190614
30	47.90932357357953
31	48.182843908548264
32	48.002962896779216
33	47.78084263298007
34	48.573989836578725
35	48.22624041396584
36	48.11977186783629
37	48.42215505650884
38	48.208892044164855
39	48.179290861729676
40	48.416370740697594
41	48.11688967252577
42	47.84461828885826
43	48.36439018871894
44	48.31338333782075
45	48.11085307456984
46	48.44449120005726
47	48.09556142722789
48	47.90194995724343
49	48.48625100766752
50	48.142597253476026
51	48.04301728825187
>>END_MODULE
>>Per sequence GC content	pass
#GC Content	Count
0	80.0
1	40.5
2	1.0
3	4.0
4	7.0
5	28.0
6	49.0
7	54.5
8	60.0
9	84.0
10	108.0
11	170.5
12	233.0
13	341.5
14	450.0
15	749.0
16	1048.0
17	1311.5
18	1575.0
19	2022.5
20	2470.0
21	3446.5
22	4423.0
23	6426.0
24	8429.0
25	12092.0
26	22140.0
27	28557.5
28	40854.0
29	53166.0
30	77755.0
31	102386.5
32	133881.5
33	165460.5
34	219164.0
35	272915.0
36	340112.0
37	407470.5
38	492232.5
39	577175.0
40	683928.0
41	790610.0
42	907245.0
43	1024151.5
44	1109693.5
45	1195314.0
46	1252324.5
47	1308737.0
48	1320559.5
49	1332720.0
50	1296729.5
51	1259953.0
52	1176112.0
53	1092342.0
54	994636.5
55	896545.0
56	781013.0
57	665311.5
58	574415.5
59	483376.0
60	407812.0
61	332719.5
62	270244.0
63	207446.5
64	159578.5
65	112005.0
66	86730.5
67	61600.0
68	50782.0
69	40051.0
70	31398.0
71	22783.0
72	17230.5
73	11732.0
74	8951.5
75	4665.0
76	3095.0
77	2056.5
78	1018.0
79	925.0
80	832.0
81	513.0
82	194.0
83	105.0
84	16.0
85	10.0
86	4.0
87	4.5
88	5.0
89	3.0
90	1.0
91	0.5
92	0.0
93	0.0
94	0.0
95	0.5
96	1.0
97	0.5
98	0.0
99	0.0
100	0.0
>>END_MODULE
>>Per base N content	pass
#Base	N-Count
1	0.0370682341325741
2	0.009831488448121166
3	0.0
4	0.009919555527053847
5	0.03264086189168566
6	0.0
7	0.0
8	0.0
9	0.0
10	0.0
11	0.0
12	0.0
13	0.0
14	0.0
15	0.0
16	0.006188713819542068
17	7.2054882763103E-4
18	0.004595500300669014
19	0.0
20	0.0014010671648381138
21	7.2054882763103E-5
22	2.962256291372012E-4
23	0.0010888293395313342
24	0.0
25	0.0
26	0.0
27	0.002097597698214776
28	0.0
29	6.324817486983486E-4
30	0.0
31	0.0
32	0.0
33	0.001040792751022599
34	0.0
35	0.0013850549686685355
36	0.0
37	0.002481890406284659
38	0.005123902774265102
39	0.0062847869965595386
40	1.9214635403494134E-4
41	0.0
42	0.0
43	0.0
44	0.0
45	0.0
46	0.0
47	0.0
48	0.0
49	0.0
50	0.0
51	0.0
>>END_MODULE
>>Sequence Length Distribution	warn
#Length	Count
50	85234.0
51	1.2405245E7
>>END_MODULE
>>Sequence Duplication Levels	fail
#Total Duplicate Percentage	73.4240056046093
#Duplication Level	Relative count
1	100.0
2	40.3296669999697
3	21.30866890888707
4	14.285064994091446
5	10.52783080326031
6	8.715874314456261
7	6.8887676877859585
8	5.970669333090931
9	5.288913129109475
10++	89.6873011544405
>>END_MODULE
>>Overrepresented sequences	pass
>>END_MODULE
>>Kmer Content	warn
#Sequence	Count	Obs/Exp Overall	Obs/Exp Max	Max Obs/Exp Position
GAAGA	1557980	2.795059	6.3173375	2
AAGAA	1553805	2.5548296	5.281633	2
TCTTC	1591615	2.5541575	5.198872	7
CTTGG	1361660	2.517924	8.984109	1
TGTTG	1292285	2.3021448	5.0267124	7
TTGGA	1288610	2.3009868	6.446027	2
TCTTG	1320595	2.2328608	5.4756284	7
TCCAA	1345480	2.169319	6.477902	7
CTTCA	1277020	2.0541189	5.432031	1
CTTGA	1175965	1.9929879	5.7097254	1
CTCCA	1166895	1.9483155	6.7872963	1
ATCAA	1230115	1.9151841	5.4023485	6
CTCCT	1094255	1.822753	5.053776	1
ATCCA	1044160	1.6835004	5.6922655	6
AAGAT	1006925	1.6517498	5.212815	3
CTTTG	934675	1.5803477	5.1695395	1
ATTGA	917005	1.5007234	5.084235	6
CTGGA	771385	1.4297608	5.1422157	1
>>END_MODULE
