##FastQC	0.10.1
>>Basic Statistics	pass
#Measure	Value	
Filename	C6D2PACXX_NoCL8_15s010304-1-1_Ferrante_lane115s010304_sequence.txt	
File type	Conventional base calls	
Encoding	Sanger / Illumina 1.9	
Total Sequences	10681304	
Filtered Sequences	0	
Sequence length	51	
%GC	48	
>>END_MODULE
>>Per base sequence quality	pass
#Base	Mean	Median	Lower Quartile	Upper Quartile	10th Percentile	90th Percentile
1	32.73729818007239	34.0	31.0	34.0	31.0	34.0
2	32.87196900303559	34.0	31.0	34.0	31.0	34.0
3	32.89356636605418	34.0	31.0	34.0	31.0	34.0
4	36.26219916594453	37.0	37.0	37.0	35.0	37.0
5	36.18710121910209	37.0	37.0	37.0	35.0	37.0
6	36.16422807552336	37.0	37.0	37.0	35.0	37.0
7	36.16718052402591	37.0	37.0	37.0	35.0	37.0
8	36.16366203976593	37.0	37.0	37.0	35.0	37.0
9	37.92878940623729	39.0	38.0	39.0	35.0	39.0
10	37.91148599459392	39.0	38.0	39.0	35.0	39.0
11	37.92972674497421	39.0	38.0	39.0	35.0	39.0
12	37.91751896584911	39.0	38.0	39.0	35.0	39.0
13	37.89676532003958	39.0	38.0	39.0	35.0	39.0
14	39.34588445380826	41.0	39.0	41.0	36.0	41.0
15	39.323619475674505	41.0	39.0	41.0	36.0	41.0
16	39.29964290876844	40.0	39.0	41.0	36.0	41.0
17	39.27602191642519	40.0	39.0	41.0	36.0	41.0
18	39.25758362462111	40.0	39.0	41.0	36.0	41.0
19	39.316158963362525	40.0	39.0	41.0	36.0	41.0
20	39.31374820902017	40.0	39.0	41.0	36.0	41.0
21	39.3037390378553	40.0	39.0	41.0	36.0	41.0
22	39.283676131678305	40.0	39.0	41.0	36.0	41.0
23	39.28012853112317	40.0	39.0	41.0	36.0	41.0
24	39.285274344780376	41.0	39.0	41.0	36.0	41.0
25	39.27093414811525	40.0	39.0	41.0	36.0	41.0
26	39.221875344059114	40.0	39.0	41.0	36.0	41.0
27	39.17376239829893	40.0	39.0	41.0	36.0	41.0
28	39.15130418533168	40.0	39.0	41.0	36.0	41.0
29	39.13598302229765	40.0	39.0	41.0	36.0	41.0
30	39.08940752926796	40.0	39.0	41.0	36.0	41.0
31	39.07484020677625	40.0	39.0	41.0	36.0	41.0
32	39.03347344107049	40.0	39.0	41.0	36.0	41.0
33	38.99187393224648	40.0	39.0	41.0	35.0	41.0
34	38.97420202626945	40.0	39.0	41.0	35.0	41.0
35	38.95209564300389	40.0	39.0	41.0	35.0	41.0
36	38.92191365398831	40.0	38.0	41.0	35.0	41.0
37	38.870176712506264	40.0	38.0	41.0	35.0	41.0
38	38.832828463640766	40.0	38.0	41.0	35.0	41.0
39	38.79778190003767	40.0	38.0	41.0	35.0	41.0
40	38.76043468100899	40.0	38.0	41.0	35.0	41.0
41	38.71095757596638	40.0	38.0	41.0	35.0	41.0
42	38.66932576771525	40.0	38.0	41.0	35.0	41.0
43	38.61689031601385	40.0	38.0	41.0	35.0	41.0
44	38.5657324236816	40.0	38.0	41.0	34.0	41.0
45	38.508076167479175	40.0	38.0	41.0	34.0	41.0
46	38.43821662598499	40.0	38.0	41.0	34.0	41.0
47	38.381325070422115	40.0	38.0	41.0	34.0	41.0
48	38.30749401009465	40.0	38.0	41.0	34.0	41.0
49	38.22868069291914	40.0	37.0	41.0	34.0	41.0
50	38.141266365979284	40.0	37.0	41.0	34.0	41.0
51	36.95852397797123	39.0	36.0	40.0	31.0	41.0
>>END_MODULE
>>Per sequence quality scores	pass
#Quality	Count
6	20.0
7	355.0
8	1401.0
9	3156.0
10	3196.0
11	1589.0
12	668.0
13	415.0
14	295.0
15	254.0
16	270.0
17	255.0
18	335.0
19	438.0
20	753.0
21	1419.0
22	2532.0
23	4443.0
24	7634.0
25	12405.0
26	19574.0
27	29805.0
28	43356.0
29	61501.0
30	84976.0
31	113908.0
32	149428.0
33	195511.0
34	262736.0
35	365743.0
36	539219.0
37	888837.0
38	1930475.0
39	5947647.0
40	6755.0
>>END_MODULE
>>Per base sequence content	fail
#Base	G	A	T	C
1	23.859271122754517	13.68117798055071	16.446722959916116	46.01282793677866
2	23.41109718522916	20.923221988182092	34.61430743134897	21.051373395239782
3	24.080823839486264	24.854952166888985	24.72834777476608	26.335876218858672
4	26.510863724298567	28.88522093978212	18.49314895334704	26.11076638257227
5	26.59063303324296	33.05624542655101	20.63961648074101	19.71350505946502
6	20.112609846138636	35.81129232910139	21.63266769675313	22.443430128006842
7	18.21594067540817	17.034165491404423	41.474187046824994	23.275706786362413
8	21.446257872634277	21.724763193707435	26.95512645272525	29.87385248093304
9	21.564782726903005	21.515575251860632	29.78322684196611	27.136415179270244
10	21.07011033836443	35.71118882788367	22.784930768773464	20.43377006497844
11	26.15685256370585	24.98088854838074	20.299137636999735	28.563121250913674
12	22.72156638563129	21.76837795436593	27.52254239006679	27.987513269935988
13	21.435430556422858	25.525276317461117	28.84017772022331	24.19911540589272
14	22.79862084254881	25.531040030318398	27.305757798860515	24.364581328272276
15	22.982287555901415	25.370731888166464	26.300974113273064	25.346006442659064
16	23.601028000553157	25.241254210110558	25.747127556015663	25.410590233320622
17	24.232033598380863	25.898031022460057	25.508178880913423	24.36175649824566
18	23.240186692757465	25.78100583765969	25.732909513934075	25.245897955648765
19	23.58138107482008	25.48452885527834	25.584713252239617	25.349376817661962
20	24.00064112808584	25.845279352745248	25.631716666324944	24.52236285284397
21	23.219967543258335	25.82579414067247	26.10061103083578	24.85362728523342
22	23.28198042701361	25.71985007001052	25.8469887237938	25.151180779182063
23	23.962025572436325	26.207384422032455	25.581012149584858	24.24957785594636
24	23.196399990113566	25.978344966120243	25.87310500665462	24.952150037111572
25	23.43573406393077	25.64200026513617	25.69161031274833	25.230655358184734
26	23.988168341794637	25.997881880774532	25.550065938444593	24.463883838986238
27	23.145724250118644	25.7613148454803	25.943323610967006	25.14963729343405
28	23.458610223253324	25.671042604066606	25.704213220686185	25.166133951993892
29	24.263899460808684	25.917444463481704	25.408831352678305	24.409824723031306
30	23.400565554364807	25.821839326907536	25.81997611720956	24.957619001518093
31	23.454471101085776	25.682434126252733	25.722682384401207	25.14041238826028
32	24.145907291722548	26.04067452766108	25.47849948463777	24.3349186959786
33	23.28596892835345	25.780530261688156	25.87357456548029	25.0599262444781
34	23.54850579964719	25.482248997187256	25.672586788714565	25.296658414450988
35	24.240207004281686	25.77331607673318	25.43912553240108	24.547351386584054
36	23.511442704353	25.63376659934021	25.67475430087595	25.18003639543084
37	23.647162907153138	25.66483745253871	25.435056185458617	25.252943454849543
38	24.20762105510414	25.832740714474973	25.357755879991945	24.601882350428948
39	23.52720822423444	25.647511056140367	25.754581638532976	25.070699081092222
40	23.64788035782738	25.29006253278525	25.82000234325853	25.242054766128845
41	24.166198949835625	25.650565001619725	25.68830701054538	24.49492903799927
42	23.4703229521846	25.68733942762106	25.89669383689493	24.945643783299413
43	23.7810724865685	25.341744221688245	25.69287406305301	25.184309228690243
44	24.389634449127186	25.76202306385063	25.41386332605083	24.434479160971357
45	23.61810922440198	25.585976029072576	25.833484304393235	24.96243044213221
46	23.701443389927242	25.415138910786045	25.553137818029438	25.33027988125728
47	24.29300285676784	25.9445430903461	25.3590901184144	24.40336393447166
48	23.524906876161094	25.72873084474442	25.904197905723574	24.842164373370913
49	23.822259903846945	25.52035781398975	25.4490556583728	25.208326623790505
50	24.390311721385828	25.78393307816314	25.467443518012008	24.35831168243903
51	23.62768793807434	25.50513402004291	25.84023799802543	25.02694004385732
>>END_MODULE
>>Per base GC content	fail
#Base	%GC
1	69.87209905953318
2	44.462470580468946
3	50.41670005834493
4	52.62163010687084
5	46.30413809270799
6	42.55603997414548
7	41.49164746177058
8	51.320110353567316
9	48.701197906173256
10	41.503880403342876
11	54.71997381461953
12	50.70907965556728
13	45.63454596231558
14	47.16320217082109
15	48.328293998560476
16	49.011618233873776
17	48.59379009662652
18	48.486084648406234
19	48.93075789248204
20	48.52300398092981
21	48.07359482849176
22	48.43316120619568
23	48.21160342838269
24	48.14855002722514
25	48.6663894221155
26	48.452052180780875
27	48.295361543552694
28	48.62474417524721
29	48.67372418383999
30	48.3581845558829
31	48.59488348934606
32	48.48082598770115
33	48.34589517283155
34	48.84516421409818
35	48.78755839086574
36	48.69147909978384
37	48.900106362002674
38	48.809503405533086
39	48.59790730532666
40	48.88993512395622
41	48.661127987834895
42	48.41596673548401
43	48.965381715258744
44	48.82411361009854
45	48.580539666534186
46	49.03172327118452
47	48.69636679123949
48	48.367071249532
49	49.030586527637446
50	48.74862340382486
51	48.65462798193167
>>END_MODULE
>>Per sequence GC content	pass
#GC Content	Count
0	32.0
1	24.0
2	16.0
3	13.5
4	11.0
5	12.0
6	13.0
7	14.0
8	15.0
9	26.0
10	37.0
11	57.5
12	78.0
13	113.0
14	148.0
15	361.0
16	574.0
17	744.5
18	915.0
19	1305.5
20	1696.0
21	2325.5
22	2955.0
23	4708.5
24	6462.0
25	9471.0
26	18357.5
27	24235.0
28	33654.5
29	43074.0
30	61316.0
31	79558.0
32	106873.5
33	134189.0
34	177832.0
35	221475.0
36	282120.0
37	342765.0
38	415576.5
39	488388.0
40	579682.5
41	670977.0
42	763457.0
43	855937.0
44	925795.5
45	995654.0
46	1051950.5
47	1108247.0
48	1111951.0
49	1115655.0
50	1089199.5
51	1062744.0
52	999825.5
53	936907.0
54	853862.5
55	770818.0
56	675057.5
57	579297.0
58	500650.0
59	422003.0
60	362898.5
61	303794.0
62	251210.5
63	198627.0
64	159435.5
65	120244.0
66	95792.0
67	71340.0
68	60344.0
69	49348.0
70	39152.5
71	28957.0
72	22363.5
73	15770.0
74	12145.5
75	6316.5
76	4112.0
77	2796.0
78	1480.0
79	1345.0
80	1210.0
81	762.0
82	314.0
83	211.0
84	108.0
85	82.5
86	57.0
87	42.0
88	27.0
89	23.0
90	19.0
91	12.5
92	6.0
93	7.0
94	8.0
95	5.5
96	3.0
97	3.0
98	3.0
99	2.0
100	1.0
>>END_MODULE
>>Per base N content	pass
#Base	N-Count
1	0.05188505073912324
2	0.016374405222433518
3	0.0
4	0.013135100358533004
5	0.03919933371431054
6	0.0
7	0.0
8	0.0
9	0.0
10	6.459885422229345E-4
11	0.0050087517404242025
12	0.0019192413210971243
13	1.9660520850263227E-4
14	0.0
15	0.0
16	0.007162046881167318
17	7.021614589379723E-4
18	0.0061228479219391195
19	0.0
20	0.0012264420149449918
21	9.36215278583963E-5
22	4.8683194486366085E-4
23	0.0010860097231573972
24	0.0
25	0.0
26	0.0012170798621591523
27	0.020109904183983528
28	0.0015353930568776997
29	0.0046249034762047775
30	0.007583343756530101
31	0.02416371634025209
32	0.004372125350987108
33	0.03365693926509348
34	0.012582733344168465
35	0.030558066692980557
36	0.023321122589526525
37	0.05148247816933214
38	0.03858143163044512
39	0.030904466346056623
40	0.036184720517270175
41	0.03320755593137317
42	0.003492082989118183
43	6.553506950087742E-4
44	0.0
45	0.004203606600841995
46	5.617291671503779E-4
47	1.8724305571679263E-5
48	9.081288202264442E-4
49	0.0
50	6.272642366512553E-4
51	0.07117108547795288
>>END_MODULE
>>Sequence Length Distribution	pass
#Length	Count
51	1.0681304E7
>>END_MODULE
>>Sequence Duplication Levels	fail
#Total Duplicate Percentage	69.47210464593307
#Duplication Level	Relative count
1	100.0
2	34.734537643883904
3	19.005066916340805
4	12.686567164179104
5	9.618879770887261
6	7.86060472545024
7	6.6227901084981
8	5.504764002863909
9	4.8287161976097375
10++	74.51396155752602
>>END_MODULE
>>Overrepresented sequences	pass
>>END_MODULE
>>Kmer Content	warn
#Sequence	Count	Obs/Exp Overall	Obs/Exp Max	Max Obs/Exp Position
GAAGA	1382405	3.0050828	6.752282	2
TCTTC	1464655	2.683912	5.525609	7
AAGAA	1330490	2.6596	5.899965	2
CAACA	1382545	2.5926347	5.717757	1
CTTGG	1172885	2.5358722	8.563403	1
TGATG	1166410	2.4968147	5.422893	4
CTTCT	1356305	2.4853656	5.260953	1
GATGA	1148510	2.4774954	5.1917477	5
TGTTG	1147030	2.4365022	5.144699	7
TGAAG	1106940	2.387823	5.637044	7
TTGGA	1104195	2.3636374	6.4745054	2
TCTTG	1165710	2.2998686	5.472723	7
TCCAA	1221195	2.2725003	7.462398	7
AACAA	1141725	2.11976	5.709884	2
CTTCA	1142970	2.1106236	6.370093	1
CTCCA	1101485	2.0703053	6.674283	1
TCAAG	1026085	2.055805	5.2017746	7
CTTGA	1032755	2.053302	6.3094277	1
ATCAA	1109870	2.044816	6.3945155	6
CTCCT	1043590	1.9464476	5.0815005	1
CTCAA	958265	1.7832185	5.5990653	1
ATCCA	944605	1.7577989	6.9172773	6
AAGAT	874170	1.734034	5.664946	3
CTTTG	808425	1.5949689	5.6085835	1
ATTGA	794360	1.5636373	5.6467333	6
CAATC	746960	1.390005	5.1713567	4
>>END_MODULE
