##FastQC	0.10.1
>>Basic Statistics	pass
#Measure	Value	
Filename	NoCL8_fastq-q-filt.txt	
File type	Conventional base calls	
Encoding	Sanger / Illumina 1.9	
Total Sequences	10212256	
Filtered Sequences	0	
Sequence length	50-51	
%GC	48	
>>END_MODULE
>>Per base sequence quality	pass
#Base	Mean	Median	Lower Quartile	Upper Quartile	10th Percentile	90th Percentile
1	32.93378152682424	34.0	31.0	34.0	31.0	34.0
2	33.07385527742352	34.0	33.0	34.0	31.0	34.0
3	33.101603308808556	34.0	33.0	34.0	31.0	34.0
4	36.464009323698896	37.0	37.0	37.0	35.0	37.0
5	36.39882411878433	37.0	37.0	37.0	35.0	37.0
6	36.382785351248536	37.0	37.0	37.0	35.0	37.0
7	36.381918157946686	37.0	37.0	37.0	35.0	37.0
8	36.38137165774145	37.0	37.0	37.0	35.0	37.0
9	38.19232498676101	39.0	38.0	39.0	37.0	39.0
10	38.17735601222688	39.0	38.0	39.0	37.0	39.0
11	38.19988864360627	39.0	38.0	39.0	37.0	39.0
12	38.1895761328349	39.0	38.0	39.0	37.0	39.0
13	38.169365809082734	39.0	38.0	39.0	37.0	39.0
14	39.66022610479017	41.0	39.0	41.0	37.0	41.0
15	39.64009783930211	41.0	39.0	41.0	37.0	41.0
16	39.61942826345129	41.0	39.0	41.0	37.0	41.0
17	39.598744880661044	41.0	39.0	41.0	37.0	41.0
18	39.58341516311381	41.0	39.0	41.0	37.0	41.0
19	39.63802797344681	41.0	39.0	41.0	37.0	41.0
20	39.638590239022605	41.0	39.0	41.0	37.0	41.0
21	39.631911988888646	41.0	39.0	41.0	37.0	41.0
22	39.6159952316119	41.0	39.0	41.0	37.0	41.0
23	39.616221724171425	41.0	39.0	41.0	37.0	41.0
24	39.625199074523785	41.0	39.0	41.0	37.0	41.0
25	39.614266328615344	41.0	39.0	41.0	37.0	41.0
26	39.59144443695889	41.0	39.0	41.0	37.0	41.0
27	39.562307094534255	41.0	39.0	41.0	37.0	41.0
28	39.54977166651521	41.0	39.0	41.0	37.0	41.0
29	39.539764083469905	40.0	39.0	41.0	37.0	41.0
30	39.50492819608126	40.0	39.0	41.0	37.0	41.0
31	39.50074949159128	40.0	39.0	41.0	37.0	41.0
32	39.466365512184574	40.0	39.0	41.0	37.0	41.0
33	39.43613712778058	40.0	39.0	41.0	37.0	41.0
34	39.42160703766142	40.0	39.0	41.0	37.0	41.0
35	39.40942941500879	40.0	39.0	41.0	37.0	41.0
36	39.384173976837246	40.0	39.0	41.0	36.0	41.0
37	39.346426685739175	40.0	39.0	41.0	36.0	41.0
38	39.31493981349469	40.0	39.0	41.0	36.0	41.0
39	39.28430192114259	40.0	39.0	41.0	36.0	41.0
40	39.25386790147055	40.0	39.0	41.0	36.0	41.0
41	39.21026215950717	40.0	39.0	41.0	36.0	41.0
42	39.16820974719004	40.0	39.0	41.0	36.0	41.0
43	39.11650412993956	40.0	38.0	41.0	35.0	41.0
44	39.06461970792741	40.0	38.0	41.0	35.0	41.0
45	39.01019970513861	40.0	38.0	41.0	35.0	41.0
46	38.946346037545474	40.0	38.0	41.0	35.0	41.0
47	38.89097482475958	40.0	38.0	41.0	35.0	41.0
48	38.818518552609724	40.0	38.0	41.0	35.0	41.0
49	38.74249901295072	40.0	38.0	41.0	35.0	41.0
50	38.65989630498883	40.0	38.0	41.0	35.0	41.0
51	37.69643717310037	39.0	36.0	40.0	33.0	41.0
>>END_MODULE
>>Per sequence quality scores	pass
#Quality	Count
27	8.0
28	128.0
29	1456.0
30	9516.0
31	37102.0
32	91721.0
33	165123.0
34	249354.0
35	359461.0
36	534972.0
37	885574.0
38	1926937.0
39	5944160.0
40	6744.0
>>END_MODULE
>>Per base sequence content	fail
#Base	G	A	T	C
1	23.989729690758328	13.76371705966113	16.36306215161235	45.8834910979682
2	23.21099837493025	21.04476100584708	34.71342501126698	21.030815607955695
3	24.144273312380733	24.917608802599542	24.567402148947302	26.37071573607242
4	26.545003101473917	28.986931503355994	18.46042912960714	26.007636265562944
5	26.509667177107488	33.19914548425416	20.59751648157677	19.693670857061583
6	20.002318782451205	35.946905365474585	21.62089356161851	22.4298822904557
7	18.180086750665083	17.06557297427718	41.47224668085093	23.282093594206803
8	21.44016953746557	21.75874752845992	26.90452530763036	29.89655762644415
9	21.50862649741644	21.588060463819158	29.728876753579232	27.174436285185173
10	21.04359702694488	35.83078998411321	22.738403737626633	20.387209251315284
11	26.068187088141936	25.086415773360947	20.28911143629772	28.556285702199396
12	22.695847029294995	21.82667571200722	27.503491882694675	27.973985376003107
13	21.397456154643987	25.55939647419728	28.85812889923637	24.185018471922366
14	22.744758846625075	25.596273732268365	27.333039829788834	24.325927591317726
15	22.9366557203423	25.391882067977928	26.31755412320255	25.35390808847722
16	23.571282868653867	25.31933564515069	25.753978983294573	25.35540250290087
17	24.13476207015713	25.961940978189695	25.52982019235637	24.373476759296807
18	23.19421265934743	25.846260690812183	25.70423879967951	25.255287850160883
19	23.553620277439187	25.560238599580735	25.606516327048595	25.279624795931475
20	23.92357016718732	25.924218807070567	25.625221672484255	24.526989353257857
21	23.115736187839488	25.899069656631042	26.120489987956624	24.86470416757285
22	23.24019110026007	25.75141514131437	25.87134975697279	25.137044001452768
23	23.892953816888564	26.2362304990926	25.611288824207783	24.25952685981105
24	23.14194826294993	26.04023048384216	25.900966446591234	24.91685480661668
25	23.37064405749327	25.73112150733393	25.685558607226454	25.21267582794634
26	23.891381101296325	26.07682376940022	25.595725371553552	24.436069757749905
27	23.059697560977522	25.841922702628917	25.979887274259156	25.118492462134412
28	23.382590487351667	25.709598349277574	25.74030654930703	25.16750461406373
29	24.12301952566538	26.00875423513053	25.437055678502183	24.431170560701908
30	23.319695471793892	25.890371334208623	25.814981528077634	24.97495166591985
31	23.37607870386328	25.772934011838323	25.749922446127478	25.101064838170917
32	24.055448668736858	26.080642710092654	25.527190074357716	24.336718546812772
33	23.213345306023328	25.843766187856993	25.91284090586391	25.030047600255774
34	23.47032820172154	25.534073959759723	25.69677062541323	25.298827213105508
35	24.14335596200514	25.8548422570127	25.44579880491001	24.556002976072154
36	23.434185355322075	25.712839552788335	25.713436874281253	25.139538217608333
37	23.583223952084552	25.71535532552526	25.47245453089056	25.228966191499637
38	24.116548083130166	25.915258731989194	25.400767829051684	24.567425355828952
39	23.410492051468744	25.703190527275993	25.79358741278943	25.092730008465836
40	23.591927294298536	25.31813052945588	25.857924006674736	25.232018169570846
41	24.07535612111565	25.72729277448587	25.690875747729002	24.506475356669476
42	23.384137647939887	25.759538342947923	25.934171646304204	24.922152362807985
43	23.72079195821178	25.417038115769913	25.68626364243121	25.175906283587096
44	24.318612851068362	25.82800509505441	25.457949741957115	24.39543231192011
45	23.504453864062945	25.661812629843983	25.856510060069	24.977223446024073
46	23.654743868543836	25.486317616793	25.54336671544466	25.315571799218507
47	24.216588381646524	25.9691981869628	25.392831907073226	24.421381524317447
48	23.477300216524142	25.763523750285934	25.902317764067018	24.856858269122906
49	23.744978582597223	25.579480185377257	25.476848602306873	25.198692629718643
50	24.336669586034663	25.84712917498347	25.495855176368476	24.320346062613392
51	23.610590002209776	25.55786481438624	25.784088254554323	25.04745692884966
>>END_MODULE
>>Per base GC content	fail
#Base	%GC
1	69.87322078872651
2	44.241813982885944
3	50.51498904845315
4	52.55263936703687
5	46.20333803416907
6	42.432201072906906
7	41.46218034487188
8	51.33672716390972
9	48.68306278260161
10	41.430806278260164
11	54.62447279034133
12	50.66983240529811
13	45.58247462656635
14	47.0706864379428
15	48.29056380881952
16	48.92668537155473
17	48.50823882945393
18	48.44950050950831
19	48.83324507337066
20	48.45055952044518
21	47.980440355412334
22	48.37723510171284
23	48.15248067669962
24	48.05880306956661
25	48.583319885439614
26	48.32745085904623
27	48.17819002311193
28	48.550095101415394
29	48.554190086367285
30	48.29464713771374
31	48.4771435420342
32	48.392167215549634
33	48.243392906279105
34	48.76915541482705
35	48.69935893807729
36	48.57372357293041
37	48.81219014358419
38	48.683973438959114
39	48.50322205993457
40	48.823945463869386
41	48.58183147778512
42	48.30629001074787
43	48.89669824179887
44	48.71404516298847
45	48.481677310087015
46	48.97031566776234
47	48.63796990596397
48	48.33415848564705
49	48.94367121231587
50	48.657015648648056
51	48.65804693105943
>>END_MODULE
>>Per sequence GC content	pass
#GC Content	Count
0	23.0
1	13.0
2	3.0
3	2.0
4	1.0
5	2.5
6	4.0
7	4.5
8	5.0
9	11.0
10	17.0
11	38.5
12	60.0
13	89.5
14	119.0
15	325.0
16	531.0
17	680.5
18	830.0
19	1183.5
20	1537.0
21	2148.5
22	2760.0
23	4435.5
24	6111.0
25	9041.5
26	17589.5
27	23246.5
28	32379.5
29	41506.0
30	59153.5
31	76836.0
32	103211.5
33	129627.5
34	171580.0
35	213661.5
36	271952.5
37	330338.5
38	400573.0
39	470812.0
40	558353.5
41	646095.5
42	734997.0
43	823904.0
44	890561.0
45	957293.0
46	1011140.5
47	1064795.0
48	1067688.0
49	1070429.0
50	1044541.5
51	1018350.5
52	954804.0
53	891094.5
54	813063.0
55	734867.5
56	642856.0
57	550628.5
58	474966.0
59	399277.0
60	342393.5
61	285748.5
62	235941.5
63	186039.0
64	148656.0
65	111392.5
66	88282.5
67	65280.0
68	55073.0
69	44959.0
70	35455.0
71	25955.5
72	19763.5
73	13630.5
74	10399.5
75	5299.5
76	3357.0
77	2194.5
78	1032.0
79	965.0
80	898.0
81	504.0
82	110.0
83	57.0
84	4.0
85	3.0
86	2.0
87	1.0
88	0.0
89	0.0
90	0.0
91	0.0
92	0.0
93	0.0
94	0.0
95	0.0
96	0.0
97	0.0
98	0.0
99	0.0
100	0.0
>>END_MODULE
>>Per base N content	pass
#Base	N-Count
1	0.03721019136222202
2	0.009811739932880648
3	0.0
4	0.009615896820447901
5	0.033616470249081105
6	0.0
7	0.0
8	0.0
9	0.0
10	0.0
11	0.0
12	0.0
13	0.0
14	0.0
15	0.0
16	0.006511783488388854
17	6.364901154064293E-4
18	0.004406470029736818
19	0.0
20	0.0011554743633532102
21	4.896077810818687E-5
22	2.448038905409344E-4
23	0.0010085920290286495
24	0.0
25	0.0
26	0.0
27	0.002095521303030398
28	0.0
29	5.483607148116929E-4
30	0.0
31	0.0
32	0.0
33	0.001233811608326309
34	0.0
35	0.0013513174757859576
36	0.0
37	0.002624297706598816
38	0.005953630617955523
39	0.006080928641036809
40	1.6646664556783537E-4
41	0.0
42	0.0
43	0.0
44	0.0
45	0.0
46	0.0
47	0.0
48	0.0
49	0.0
50	0.0
51	0.0
>>END_MODULE
>>Sequence Length Distribution	warn
#Length	Count
50	70955.0
51	1.0141301E7
>>END_MODULE
>>Sequence Duplication Levels	fail
#Total Duplicate Percentage	69.34245597834071
#Duplication Level	Relative count
1	100.0
2	35.047989375248164
3	19.03281898215973
4	12.7291646699618
5	9.799142900173884
6	7.838492818708326
7	6.495337979380314
8	5.509536262442324
9	4.712679874584115
10++	72.66864739789422
>>END_MODULE
>>Overrepresented sequences	pass
>>END_MODULE
>>Kmer Content	warn
#Sequence	Count	Obs/Exp Overall	Obs/Exp Max	Max Obs/Exp Position
GAAGA	1319305	2.9924264	6.729801	2
TCTTC	1400340	2.6829307	5.5919857	7
AAGAA	1286050	2.6673007	5.9055676	2
CAACA	1334430	2.5980508	5.764478	1
CTTGG	1122185	2.551485	8.7170725	1
TGATG	1125800	2.5263238	5.4896965	4
GATGA	1105190	2.493389	5.2153487	5
TGTTG	1097715	2.450147	5.166429	7
TGAAG	1062785	2.39772	5.5644617	7
TTGGA	1061710	2.3825042	6.4323516	2
TCTTG	1115420	2.3066287	5.415777	7
TCCAA	1172165	2.2699447	7.4848375	7
CTTCA	1096865	2.1127806	6.415568	1
AACAA	1097035	2.1080039	5.7600336	2
TCAAG	987720	2.0645413	5.274703	7
CTTGA	988885	2.055939	6.3223433	1
CTCCA	1047400	2.055133	6.6907268	1
ATCAA	1070550	2.0461273	6.49857	6
CTCCT	998455	1.9486355	5.0845275	1
CTCAA	925200	1.791687	5.5829654	1
TTCAA	939240	1.7855705	5.045766	7
ATCCA	906360	1.7552027	6.985273	6
AAGAT	840480	1.733869	5.62374	3
CTTTG	773325	1.5991945	5.556246	1
ATTGA	763155	1.5659449	5.60525	6
CAATC	717100	1.3886931	5.24864	4
>>END_MODULE
