##FastQC	0.10.1
>>Basic Statistics	pass
#Measure	Value	
Filename	C6D2PACXX_CL11_15s010307-1-1_Ferrante_lane115s010307_sequence.txt	
File type	Conventional base calls	
Encoding	Sanger / Illumina 1.9	
Total Sequences	13040361	
Filtered Sequences	0	
Sequence length	51	
%GC	48	
>>END_MODULE
>>Per base sequence quality	pass
#Base	Mean	Median	Lower Quartile	Upper Quartile	10th Percentile	90th Percentile
1	32.73226239672353	34.0	31.0	34.0	31.0	34.0
2	32.859112489293814	34.0	31.0	34.0	31.0	34.0
3	32.879068225181804	34.0	31.0	34.0	31.0	34.0
4	36.24903198615437	37.0	37.0	37.0	35.0	37.0
5	36.17389426565722	37.0	37.0	37.0	35.0	37.0
6	36.14845977040053	37.0	37.0	37.0	35.0	37.0
7	36.1539473485435	37.0	37.0	37.0	35.0	37.0
8	36.14769775161899	37.0	37.0	37.0	35.0	37.0
9	37.90976860226492	39.0	38.0	39.0	35.0	39.0
10	37.89065509766179	39.0	38.0	39.0	35.0	39.0
11	37.91098053190399	39.0	38.0	39.0	35.0	39.0
12	37.89712899819261	39.0	38.0	39.0	35.0	39.0
13	37.87394497744349	39.0	38.0	39.0	35.0	39.0
14	39.32312495029854	41.0	39.0	41.0	36.0	41.0
15	39.30026760762221	41.0	39.0	41.0	36.0	41.0
16	39.27430344911464	40.0	39.0	41.0	36.0	41.0
17	39.250946887129885	40.0	39.0	41.0	36.0	41.0
18	39.23292951782547	40.0	39.0	41.0	36.0	41.0
19	39.29004519123359	40.0	39.0	41.0	36.0	41.0
20	39.28513091010287	40.0	39.0	41.0	36.0	41.0
21	39.27589167201736	40.0	39.0	41.0	36.0	41.0
22	39.2553136374062	40.0	39.0	41.0	36.0	41.0
23	39.251783903835175	40.0	39.0	41.0	36.0	41.0
24	39.25632250518218	41.0	39.0	41.0	36.0	41.0
25	39.24158525979457	40.0	39.0	41.0	36.0	41.0
26	39.191603131232334	40.0	39.0	41.0	36.0	41.0
27	39.14185128770592	40.0	39.0	41.0	36.0	41.0
28	39.119181593208964	40.0	39.0	41.0	36.0	41.0
29	39.105074775153845	40.0	39.0	41.0	36.0	41.0
30	39.058663943429174	40.0	39.0	41.0	36.0	41.0
31	39.04320486219668	40.0	39.0	41.0	36.0	41.0
32	39.002222331114915	40.0	39.0	41.0	36.0	41.0
33	38.95763146434366	40.0	39.0	41.0	35.0	41.0
34	38.94016292953853	40.0	39.0	41.0	35.0	41.0
35	38.918654475899864	40.0	38.0	41.0	35.0	41.0
36	38.88683618497985	40.0	38.0	41.0	35.0	41.0
37	38.83437260670928	40.0	38.0	41.0	35.0	41.0
38	38.79417463979716	40.0	38.0	41.0	35.0	41.0
39	38.757396440175235	40.0	38.0	41.0	35.0	41.0
40	38.722246109597734	40.0	38.0	41.0	35.0	41.0
41	38.671501425459006	40.0	38.0	41.0	35.0	41.0
42	38.625442731225	40.0	38.0	41.0	35.0	41.0
43	38.57279694940961	40.0	38.0	41.0	35.0	41.0
44	38.51722632525281	40.0	38.0	41.0	34.0	41.0
45	38.456616883535666	40.0	38.0	41.0	34.0	41.0
46	38.383514766193976	40.0	38.0	41.0	34.0	41.0
47	38.32439646417764	40.0	38.0	41.0	34.0	41.0
48	38.24506913573942	40.0	38.0	41.0	34.0	41.0
49	38.16368327533264	40.0	37.0	41.0	34.0	41.0
50	38.07425906384034	40.0	37.0	41.0	34.0	41.0
51	36.896202413414784	39.0	35.0	40.0	31.0	41.0
>>END_MODULE
>>Per sequence quality scores	pass
#Quality	Count
6	26.0
7	711.0
8	2720.0
9	6113.0
10	6507.0
11	3320.0
12	1345.0
13	776.0
14	608.0
15	572.0
16	503.0
17	468.0
18	597.0
19	717.0
20	1153.0
21	1830.0
22	3356.0
23	5597.0
24	9625.0
25	15600.0
26	24523.0
27	37166.0
28	53988.0
29	75991.0
30	104647.0
31	138962.0
32	183954.0
33	240394.0
34	322348.0
35	448193.0
36	660564.0
37	1091713.0
38	2372885.0
39	7214682.0
40	8207.0
>>END_MODULE
>>Per base sequence content	fail
#Base	G	A	T	C
1	22.683397409383392	14.00195385342846	15.147504578696614	48.16714415849153
2	23.681141831065833	21.87386440211543	34.60736326845415	19.837630498364586
3	22.954096132768104	25.14898935696642	24.699423581908505	27.197490928356967
4	25.666586519748545	29.541778210852353	18.26870385560363	26.52293141379547
5	25.782389920895675	33.51686371403997	20.72658207883061	19.974164286233748
6	19.516514918567054	35.29400758153858	22.272082805069584	22.917394694824782
7	17.859628272560858	16.383212090524182	41.839416868904166	23.917742768010793
8	21.04554467472181	21.245539138065272	27.182230614627922	30.526685572584995
9	21.25204202552368	20.934259411990205	30.085823544302187	27.72787501818393
10	21.084290598935542	35.76028498800792	22.48153948983257	20.67388492322397
11	26.320590190632174	24.717258094288688	20.025186125559916	28.93696558951922
12	22.665688659306817	21.484043091627992	27.472737980938827	28.377530268126367
13	21.411407660059247	25.39647154986644	28.730709000522452	24.461411789551853
14	22.844459597399183	25.42015516288238	27.211869364659456	24.52351587505898
15	22.919281145667668	25.24862616916817	26.172112873255582	25.659979811908578
16	23.643247781654562	25.080463528824225	25.649521360106654	25.626767329414555
17	24.40573138307764	25.79725133055113	25.32042849102929	24.47658879534194
18	23.312420333880464	25.526088768063566	25.508749248537736	25.652741649518234
19	23.775814181831315	25.314076811217113	25.328294209033015	25.581814797918558
20	24.181359042530755	25.71984653621376	25.4702723345713	24.62852208668419
21	23.320915466225983	25.56432150977543	26.014516481536155	25.100246542462436
22	23.3897730334044	25.541772885554913	25.640336652048124	25.428117428992564
23	24.187379632033874	26.157913569262853	25.350158916006183	24.30454788269709
24	23.218651692234594	25.85191468242329	25.78385675059149	25.14557687475063
25	23.51497017605571	25.48618094238342	25.48364266909482	25.51520621246605
26	24.182493241283606	25.86320391760923	25.403778378211744	24.550524462895424
27	23.1694652212083	25.506883752338013	25.82444494861941	25.499206077834284
28	23.576825408364822	25.47640837418017	25.504276091936784	25.442490125518226
29	24.32738027587474	25.76343479436545	25.34280350002293	24.56638142973688
30	23.429609823492036	25.65328576451826	25.689223124916836	25.22788128707287
31	23.515947586323698	25.504509861313863	25.541526989521067	25.43801556284137
32	24.334572971931674	25.87767685785895	25.29070565533793	24.497044514871448
33	23.341794788376813	25.568386627254714	25.781949446520198	25.307869137848275
34	23.636269371795752	25.26931864643025	25.504885941023275	25.589526040750727
35	24.438660126823375	25.613693291659246	25.2485770992877	24.699069482229678
36	23.545158018067426	25.42094110924254	25.551658609640437	25.482242263049603
37	23.6288810426985	25.493647478299046	25.296856757546603	25.580614721455852
38	24.336610548593836	25.704769542657168	25.236685069581306	24.72193483916769
39	23.490297382473337	25.512999264513887	25.737365486892116	25.259337866120664
40	23.73764792893167	25.142972300322647	25.638731326378057	25.480648444367628
41	24.21969330847889	25.541389547326997	25.633036460850423	24.60588068334369
42	23.415076616066287	25.468153908365327	25.884146713212054	25.23262276235634
43	23.945264268948073	25.136352757464824	25.492258319755507	25.426124653831593
44	24.513324439407775	25.597734602592677	25.308800883656517	24.580140074343035
45	23.61917795970083	25.371448676872376	25.741476705627065	25.267896657799728
46	23.796519784651945	25.181159767597105	25.370013002016446	25.652307445734507
47	24.39431307067543	25.83991744399061	25.27165854866419	24.494110936669767
48	23.52995939035534	25.580663625212154	25.85387153561143	25.035505448821084
49	23.837476585195763	25.40817696687998	25.242959148140148	25.51138729978411
50	24.531168042403998	25.69740066931078	25.32407279598291	24.447358492302314
51	23.586720285831085	25.30549471092317	25.799251364812275	25.308533638433474
>>END_MODULE
>>Per base GC content	fail
#Base	%GC
1	70.85054156787493
2	43.51877232943042
3	50.15158706112507
4	52.18951793354402
5	45.756554207129426
6	42.43390961339184
7	41.77737104057165
8	51.572230247306805
9	48.97991704370761
10	41.75817552215951
11	55.2575557801514
12	51.04321892743319
13	45.8728194496111
14	47.36797547245816
15	48.57926095757625
16	49.27001511106912
17	48.882320178419576
18	48.965161983398694
19	49.35762897974987
20	48.80988112921494
21	48.42116200868842
22	48.81789046239696
23	48.49192751473096
24	48.364228566985226
25	49.03017638852176
26	48.733017704179034
27	48.66867129904258
28	49.01931553388305
29	48.893761705611624
30	48.6574911105649
31	48.95396314916506
32	48.83161748680312
33	48.64966392622509
34	49.225795412546475
35	49.13772960905305
36	49.027400281117025
37	49.20949576415435
38	49.05854538776153
39	48.749635248594
40	49.218296373299296
41	48.82557399182258
42	48.64769937842262
43	49.371388922779666
44	49.0934645137508
45	48.88707461750056
46	49.448827230386456
47	48.8884240073452
48	48.56546483917642
49	49.34886388497987
50	48.97852653470631
51	48.89525392426455
>>END_MODULE
>>Per sequence GC content	pass
#GC Content	Count
0	54.0
1	36.0
2	18.0
3	13.5
4	9.0
5	13.0
6	17.0
7	18.5
8	20.0
9	23.0
10	26.0
11	42.5
12	59.0
13	127.0
14	195.0
15	410.0
16	625.0
17	803.0
18	981.0
19	1385.0
20	1789.0
21	2451.5
22	3114.0
23	5180.0
24	7246.0
25	11303.5
26	22367.0
27	29373.0
28	40624.5
29	51876.0
30	73860.0
31	95844.0
32	129050.5
33	162257.0
34	212528.0
35	262799.0
36	333983.5
37	405168.0
38	492996.0
39	580824.0
40	688441.0
41	796058.0
42	905619.0
43	1015180.0
44	1102527.0
45	1189874.0
46	1259682.0
47	1329490.0
48	1339248.5
49	1349007.0
50	1320082.0
51	1291157.0
52	1218818.5
53	1146480.0
54	1051896.5
55	957313.0
56	842304.5
57	727296.0
58	630897.0
59	534498.0
60	464809.5
61	395121.0
62	332233.0
63	269345.0
64	215849.5
65	162354.0
66	130817.5
67	99281.0
68	86147.0
69	73013.0
70	57395.0
71	41777.0
72	31765.5
73	21754.0
74	17249.0
75	9318.5
76	5893.0
77	4060.0
78	2227.0
79	2052.5
80	1878.0
81	1216.0
82	554.0
83	362.0
84	170.0
85	133.0
86	96.0
87	71.5
88	47.0
89	42.0
90	37.0
91	33.0
92	29.0
93	22.5
94	16.0
95	11.0
96	6.0
97	6.0
98	6.0
99	5.5
100	5.0
>>END_MODULE
>>Per base N content	pass
#Base	N-Count
1	0.05084215076561147
2	0.01591213617475774
3	0.0
4	0.013849309846560229
5	0.037706011359654845
6	0.0
7	0.0
8	0.0
9	0.0
10	7.131704406035999E-4
11	0.004923176589973238
12	0.0018481083460802964
13	1.3803298850392255E-4
14	0.0
15	0.0
16	0.0070013399168934055
17	6.748279437969547E-4
18	0.00601210349928196
19	0.0
20	0.0011579434035606836
21	8.435349297461933E-5
22	5.521319540156902E-4
23	0.0010659214112247353
24	0.0
25	0.0
26	0.001249965395896632
27	0.01962368986564099
28	0.0014033353831232128
29	0.005176237068897096
30	0.007714510357497005
31	0.024178778486270435
32	0.004133321155756348
33	0.03361870120006647
34	0.012453642962798345
35	0.03039026296894695
36	0.02366498902906139
37	0.051516978709408426
38	0.039163026238307364
39	0.031325819891029096
40	0.036762785938211376
41	0.03420917565088881
42	0.003619531698547303
43	7.975239335782191E-4
44	0.0
45	0.004125652656395019
46	5.828059514610064E-4
47	1.533699872265806E-5
48	8.358664303848644E-4
49	0.0
50	6.211484482676515E-4
51	0.07245198196583669
>>END_MODULE
>>Sequence Length Distribution	pass
#Length	Count
51	1.3040361E7
>>END_MODULE
>>Sequence Duplication Levels	fail
#Total Duplicate Percentage	72.3814589043898
#Duplication Level	Relative count
1	100.0
2	35.18990341885406
3	19.470285003258873
4	13.3139776026545
5	9.918824435622446
6	8.006458493808141
7	6.824376370207975
8	5.9000414765657405
9	5.101617586063874
10++	92.5356994726551
>>END_MODULE
>>Overrepresented sequences	pass
>>END_MODULE
>>Kmer Content	warn
#Sequence	Count	Obs/Exp Overall	Obs/Exp Max	Max Obs/Exp Position
GAAGA	1625920	2.950906	6.5785623	2
CTTGG	1491340	2.647389	9.134579	1
AAGAA	1575235	2.6358433	6.197818	2
TCTTC	1745970	2.5968008	5.3011203	7
CAACA	1701275	2.5893779	6.7536807	1
TGATG	1399140	2.500564	5.462646	4
GATGA	1367085	2.462136	5.027043	5
CCAAG	1490165	2.460012	5.1952343	8
TTGGA	1374250	2.4560807	6.698735	2
TGTTG	1382080	2.4511528	5.4075007	7
TGAAG	1356300	2.442712	5.996096	7
CAAGA	1460940	2.4281244	5.3077946	1
CTTCT	1625720	2.4179516	5.437215	1
TCCAA	1540010	2.3259733	8.044936	7
TCTTG	1422150	2.3097498	5.685352	7
CTTCA	1431835	2.1460235	7.232965	1
AACAA	1386105	2.1239915	6.5193734	2
TCAAG	1269300	2.0934527	5.502619	7
CTTGA	1266170	2.0722933	7.0637455	1
ATCAA	1357190	2.0637527	6.4251165	6
CTCCA	1362270	2.0436602	6.5481176	1
TTGAT	1181125	1.9313062	5.1200476	3
CTCCT	1288375	1.917998	5.0529156	1
CTCAA	1204140	1.8186878	6.837646	1
TTCAA	1193325	1.8006779	5.173369	7
ATCCA	1187590	1.7936915	7.4824886	6
TTGAG	992370	1.7735789	5.1389503	7
TTCCA	1182895	1.7729144	5.1854362	6
AAGAT	1046345	1.7374387	5.8168344	3
CTTCG	1011195	1.6438355	5.230956	1
CTTTG	986970	1.602963	6.4935575	1
ATTGA	960745	1.5830808	5.7592897	6
CGGCA	820615	1.4693465	5.252856	1
TTTGA	880545	1.4398154	5.1862116	2
CAATC	923010	1.3940798	5.540158	4
AGATC	784635	1.2940962	5.1562324	4
>>END_MODULE
