##FastQC	0.10.1
>>Basic Statistics	pass
#Measure	Value	
Filename	1_131004_AH72EEADXX_P705_101F_dual93_2.fastq.gz	
File type	Conventional base calls	
Encoding	Sanger / Illumina 1.9	
Total Sequences	71216305	
Filtered Sequences	0	
Sequence length	151	
%GC	48	
>>END_MODULE
>>Per base sequence quality	pass
#Base	Mean	Median	Lower Quartile	Upper Quartile	10th Percentile	90th Percentile
1	31.88760957199338	33.0	33.0	33.0	33.0	33.0
2	31.896622971382747	33.0	33.0	33.0	33.0	33.0
3	31.89642384563479	33.0	33.0	33.0	33.0	33.0
4	35.65996493359211	37.0	37.0	37.0	33.0	37.0
5	35.634797382425276	37.0	37.0	37.0	33.0	37.0
6	35.63116869093391	37.0	37.0	37.0	33.0	37.0
7	35.632159405068826	37.0	37.0	37.0	33.0	37.0
8	35.60981909971319	37.0	37.0	37.0	33.0	37.0
9	35.606168025707035	37.0	37.0	37.0	33.0	37.0
10-14	35.97121929310991	37.6	37.0	37.6	33.0	37.6
15-19	37.5031910824354	40.0	37.0	40.0	33.0	40.0
20-24	37.43872341593684	40.0	37.0	40.0	33.0	40.0
25-29	37.338059676081194	40.0	37.0	40.0	33.0	40.0
30-34	37.16685849960904	40.0	37.0	40.0	33.0	40.0
35-39	36.99793368948305	40.0	37.0	40.0	33.0	40.0
40-44	36.78026041367915	40.0	37.0	40.0	33.0	40.0
45-49	36.36485684282553	38.8	37.0	40.0	33.0	40.0
50-54	35.894147372571496	37.0	37.0	40.0	33.0	40.0
55-59	35.31681757148171	37.0	37.0	40.0	27.0	40.0
60-64	34.65621226487389	37.0	33.0	37.6	27.0	40.0
65-69	33.944904650697616	37.0	33.0	37.0	27.0	38.8
70-74	33.44721359244909	37.0	33.0	37.0	27.0	37.0
75-79	33.22675495730929	37.0	33.0	37.0	27.0	37.0
80-84	32.944934127093504	37.0	33.0	37.0	27.0	37.0
85-89	32.753647774902106	37.0	33.0	37.0	27.0	37.0
90-94	32.63008481274056	37.0	33.0	37.0	27.0	37.0
95-99	32.86809880125064	37.0	33.0	37.0	27.0	37.0
100-104	32.221384046813434	35.4	33.0	37.0	26.0	37.0
105-109	32.97205570831006	37.0	33.0	37.0	27.0	37.0
110-114	32.93794677216123	37.0	33.0	37.0	27.0	37.0
115-119	32.840429497149564	37.0	33.0	37.0	27.0	37.0
120-124	32.730399351665326	37.0	33.0	37.0	27.0	37.0
125-129	32.60784957882889	37.0	33.0	37.0	27.0	37.0
130-134	32.426005126213724	37.0	33.0	37.0	22.0	37.0
135-139	32.22391577322075	37.0	33.0	37.0	22.0	37.0
140-144	31.970205696574688	37.0	33.0	37.0	22.0	37.0
145-149	31.58101759140691	37.0	33.0	37.0	16.4	37.0
150-151	29.883465857994178	35.0	30.0	37.0	2.0	37.0
>>END_MODULE
>>Per sequence quality scores	pass
#Quality	Count
2	996480.0
3	151154.0
4	124818.0
5	130277.0
6	142181.0
7	154311.0
8	165392.0
9	175622.0
10	178652.0
11	165219.0
12	143708.0
13	122746.0
14	108193.0
15	98514.0
16	94170.0
17	95116.0
18	104032.0
19	118607.0
20	144196.0
21	182600.0
22	237436.0
23	309889.0
24	396426.0
25	492353.0
26	605354.0
27	739360.0
28	908725.0
29	1135713.0
30	1453410.0
31	1911598.0
32	2564198.0
33	3403957.0
34	4300935.0
35	6243784.0
36	1.361854E7
37	2.8964851E7
38	333788.0
>>END_MODULE
>>Per base sequence content	fail
#Base	G	A	T	C
1	35.31665517376062	16.64053756375006	13.253424947396159	34.789382315093164
2	26.974104675371112	24.816188843595075	30.48951417678911	17.7201923042447
3	22.88434678449397	27.958654999429655	25.574160342088557	23.58283787398781
4	26.58107054897176	32.0399590755473	18.495967996284758	22.883002379196178
5	26.383263173892292	35.486226833301465	19.208037200761023	18.922472792045223
6	20.497756294097375	38.327294539705214	20.610755292809635	20.56419387338778
7	19.98718170575747	18.751538096825886	37.87551861965922	23.385761577757425
8	22.93057468986732	23.250402346243927	25.49353654447136	28.325486419417388
9	23.722281398439797	23.629010465514856	26.756712627396258	25.89199550864909
10-14	24.559182240203924	27.476810547332637	23.301512971617992	24.662494240845444
15-19	24.333000213230022	27.03881812532365	24.818039439801495	23.81014222164484
20-24	24.280174066579434	27.323419004039994	24.834011405353255	23.56239552402732
25-29	24.442006037567538	27.001348835516197	24.764539572023168	23.7921055548931
30-34	24.33048924744657	26.986984679453645	24.89552072525097	23.78700534784881
35-39	24.489459150454042	26.85548537730842	24.773286529125468	23.881768943112068
40-44	24.651556075151102	26.71872307014284	24.905436285277986	23.724284569428068
45-49	24.48245161823005	26.60839731438749	24.98094285761315	23.92820820976931
50-54	24.66473479707778	26.7279097542407	24.87085407171145	23.73650137697007
55-59	24.844143118391404	26.571605718549375	24.820902649213505	23.763348513845717
60-64	24.702096066897816	26.612106022425554	24.90584341197674	23.779954498699894
65-69	24.671264860963575	26.858650999606397	24.952424724530744	23.517659414899285
70-74	24.87198846242394	26.85806399928814	24.70840527138345	23.56154226690447
75-79	24.847894614393027	26.835053978564368	24.893142165366626	23.42390924167598
80-84	25.000388840045755	26.890120248351796	24.73463793511001	23.374852976492445
85-89	25.23212750445814	26.850352864573797	24.72424146861725	23.193278162350815
90-94	25.19645646800417	26.857132165133287	24.821989839172836	23.124421527689712
95-99	25.313117374918892	27.03274254296859	24.758695647528263	22.895444434584252
100-104	25.538962013109828	26.904763795693587	24.666606419869055	22.88966777132753
105-109	25.383644364635348	26.835342431405103	24.851314416149066	22.929698787810484
110-114	25.521811783760683	26.853260548521696	24.791491696418465	22.833435971299156
115-119	25.71198813242174	26.75111479602656	24.82590117004469	22.710995901507005
120-124	25.6493298071576	26.70270050581648	24.9858342725538	22.66213541447212
125-129	25.742897421302253	26.763973158047445	24.958429265320408	22.534700155329897
130-134	25.86789511442729	26.739409730105475	24.849095894411118	22.54359926105612
135-139	25.8603631368891	26.73422829299612	24.930233593464617	22.475174976650166
140-144	25.921906168597964	26.894049263435075	24.83756018005756	22.346484387909403
145-149	26.057414985446382	26.838612931148166	24.836739236804643	22.267232846600805
150-151	25.942775696989973	26.965972030016133	24.778923976872182	22.312328296121713
>>END_MODULE
>>Per base GC content	fail
#Base	%GC
1	70.10603748885377
2	44.694296979615814
3	46.46718465848178
4	49.46407292816794
5	45.305735965937515
6	41.06195016748515
7	43.37294328351489
8	51.256061109284715
9	49.614276907088886
10-14	49.221676481049364
15-19	48.14314243487486
20-24	47.84256959060676
25-29	48.234111592460636
30-34	48.11749459529538
35-39	48.37122809356611
40-44	48.37584064457917
45-49	48.41065982799936
50-54	48.40123617404785
55-59	48.60749163223712
60-64	48.4820505655977
65-69	48.18892427586286
70-74	48.43353072932841
75-79	48.271803856069006
80-84	48.3752418165382
85-89	48.425405666808956
90-94	48.32087799569388
95-99	48.208561809503145
100-104	48.428629784437355
105-109	48.31334315244583
110-114	48.35524775505984
115-119	48.42298403392875
120-124	48.31146522162972
125-129	48.27759757663215
130-134	48.41149437548341
135-139	48.335538113539265
140-144	48.26839055650736
145-149	48.32464783204719
150-151	48.25510399311168
>>END_MODULE
>>Per sequence GC content	pass
#GC Content	Count
0	63087.0
1	35908.5
2	5975.0
3	2771.0
4	2182.0
5	1979.5
6	1769.5
7	1548.0
8	1397.5
9	1303.0
10	1301.5
11	1308.0
12	1268.5
13	1241.0
14	1265.5
15	1236.0
16	1228.5
17	1382.5
18	1572.5
19	1687.5
20	1843.0
21	2022.5
22	2220.5
23	2672.0
24	3127.0
25	4071.5
26	5339.5
27	6447.5
28	8918.5
29	12873.5
30	19034.5
31	30500.5
32	50971.0
33	86049.0
34	144412.5
35	245362.0
36	386842.5
37	578888.5
38	840316.5
39	1170042.0
40	1575432.0
41	2041024.5
42	2570817.0
43	3131370.5
44	3645972.0
45	4087176.0
46	4435836.5
47	4687668.0
48	4817660.0
49	4791327.0
50	4624613.0
51	4337348.0
52	3943854.0
53	3483265.0
54	3006153.0
55	2535063.0
56	2121421.0
57	1779931.0
58	1471778.5
59	1165504.5
60	885048.0
61	678447.5
62	553305.0
63	424791.5
64	281773.5
65	180541.5
66	105228.5
67	58198.5
68	31767.0
69	19993.0
70	12405.5
71	7208.5
72	4337.5
73	3134.5
74	2399.5
75	1956.0
76	1645.5
77	1312.0
78	1078.5
79	940.0
80	811.0
81	657.5
82	539.5
83	498.0
84	444.0
85	363.5
86	323.5
87	287.0
88	244.0
89	225.0
90	207.5
91	197.5
92	190.0
93	159.5
94	131.0
95	114.5
96	81.5
97	63.0
98	65.0
99	53.5
100	60.5
>>END_MODULE
>>Per base N content	pass
#Base	N-Count
1	0.128160257682563
2	0.13579755366415036
3	0.14203629351452593
4	0.16086203854580775
5	0.16837436314619245
6	0.12763369287412482
7	0.1940637049338631
8	0.16878438161036297
9	0.16426575346755212
10-14	0.15438599348842938
15-19	0.16235411258699817
20-24	0.16639223278994889
25-29	0.1620685038349013
30-34	0.1472039303358971
35-39	0.13316669546391097
40-44	0.1271568357836032
45-49	0.12299514837227232
50-54	0.1315693084610329
55-59	0.1534856378746412
60-64	0.15598113381479142
65-69	0.13917178095662222
70-74	0.1360576064708777
75-79	0.12858235203300705
80-84	0.1327156751533234
85-89	0.10557666534370183
90-94	0.11477989485694322
95-99	0.12432124918584306
100-104	0.1403310660388797
105-109	0.11968158134573255
110-114	0.1162416387651676
115-119	0.11324092144348123
120-124	0.11059995319891983
125-129	0.10704627261973225
130-134	0.10377763912351252
135-139	0.10336481231369699
140-144	0.10882058539824553
145-149	0.10341002667858155
150-151	0.09141445909051304
>>END_MODULE
>>Sequence Length Distribution	pass
#Length	Count
151	7.1216305E7
>>END_MODULE
>>Sequence Duplication Levels	fail
#Total Duplicate Percentage	88.64359288401724
#Duplication Level	Relative count
1	100.0
2	59.17290607906273
3	51.92613570237033
4	42.24696434806223
5	35.19416534119564
6	28.451720526050355
7	25.099895255460293
8	20.859681111068006
9	18.656166349846764
10++	394.2778445901385
>>END_MODULE
>>Overrepresented sequences	pass
>>END_MODULE
>>Kmer Content	warn
#Sequence	Count	Obs/Exp Overall	Obs/Exp Max	Max Obs/Exp Position
GAAGA	42565255	3.3400228	6.8579164	2
TGATG	30852685	2.8508284	5.448881	4
GATGA	32206605	2.7424023	5.5654016	5
TTGGA	27901800	2.5781631	6.4516945	2
CAACA	26154895	2.3773303	6.138804	1
TGAAG	25895205	2.2049842	5.1268387	7
AACAA	27413300	2.1622229	5.853788	2
CCACC	17230795	2.0798726	5.2111964	8
CTTTG	17592275	1.898512	5.367801	1
ATCAA	22064880	1.8885683	6.1511717	6
ATGAA	23566195	1.8741286	5.081195	6
TCCAA	18949490	1.8690722	5.9469056	7
CTTCA	17453280	1.8680891	5.194641	1
CTTGG	17241245	1.8358796	5.05012	1
ACAAC	19852605	1.8044881	5.256461	3
AAGAT	21592965	1.717205	5.3675213	3
ATTGA	19874800	1.7151601	5.87385	6
GTTGA	17647275	1.6306314	5.114147	1
ATCCA	14270920	1.4076042	5.574123	6
CAATC	13920245	1.3730154	5.1920485	4
>>END_MODULE
