##FastQC	0.10.1
>>Basic Statistics	pass
#Measure	Value	
Filename	C6D2PACXX_CS14_15s010310-1-1_Ferrante_lane115s010310_sequence.txt	
File type	Conventional base calls	
Encoding	Sanger / Illumina 1.9	
Total Sequences	12483932	
Filtered Sequences	0	
Sequence length	51	
%GC	48	
>>END_MODULE
>>Per base sequence quality	pass
#Base	Mean	Median	Lower Quartile	Upper Quartile	10th Percentile	90th Percentile
1	32.73586062468139	34.0	31.0	34.0	31.0	34.0
2	32.862613638074926	34.0	31.0	34.0	31.0	34.0
3	32.87889168252438	34.0	31.0	34.0	31.0	34.0
4	36.24914425999757	37.0	37.0	37.0	35.0	37.0
5	36.17348997094825	37.0	37.0	37.0	35.0	37.0
6	36.148498485893704	37.0	37.0	37.0	35.0	37.0
7	36.15570470906122	37.0	37.0	37.0	35.0	37.0
8	36.14814002511388	37.0	37.0	37.0	35.0	37.0
9	37.91192670706633	39.0	38.0	39.0	35.0	39.0
10	37.892307167325164	39.0	38.0	39.0	35.0	39.0
11	37.9120440579138	39.0	38.0	39.0	35.0	39.0
12	37.89771459825318	39.0	38.0	39.0	35.0	39.0
13	37.8757083905936	39.0	38.0	39.0	35.0	39.0
14	39.32636087732615	41.0	39.0	41.0	36.0	41.0
15	39.30269029020664	41.0	39.0	41.0	36.0	41.0
16	39.275740688110126	41.0	39.0	41.0	36.0	41.0
17	39.25324032524368	40.0	39.0	41.0	36.0	41.0
18	39.234951055484764	40.0	39.0	41.0	36.0	41.0
19	39.2932056182299	40.0	39.0	41.0	36.0	41.0
20	39.287659448962074	40.0	39.0	41.0	36.0	41.0
21	39.27943135223742	40.0	39.0	41.0	36.0	41.0
22	39.25874636292476	40.0	39.0	41.0	36.0	41.0
23	39.25591608477201	40.0	39.0	41.0	36.0	41.0
24	39.260899851104604	41.0	39.0	41.0	36.0	41.0
25	39.247394971392026	40.0	39.0	41.0	36.0	41.0
26	39.19677085713059	40.0	39.0	41.0	36.0	41.0
27	39.150043191520105	40.0	39.0	41.0	36.0	41.0
28	39.127485394825925	40.0	39.0	41.0	36.0	41.0
29	39.11278770182343	40.0	39.0	41.0	36.0	41.0
30	39.06701999017617	40.0	39.0	41.0	36.0	41.0
31	39.05103576341172	40.0	39.0	41.0	36.0	41.0
32	39.01287807399143	40.0	39.0	41.0	36.0	41.0
33	38.96807047651333	40.0	39.0	41.0	35.0	41.0
34	38.951119647239345	40.0	39.0	41.0	35.0	41.0
35	38.929592134913904	40.0	39.0	41.0	35.0	41.0
36	38.89818856751222	40.0	38.0	41.0	35.0	41.0
37	38.846864353314324	40.0	38.0	41.0	35.0	41.0
38	38.80780494478823	40.0	38.0	41.0	35.0	41.0
39	38.77134479745644	40.0	38.0	41.0	35.0	41.0
40	38.73721492555391	40.0	38.0	41.0	35.0	41.0
41	38.68415055448876	40.0	38.0	41.0	35.0	41.0
42	38.64069845942769	40.0	38.0	41.0	35.0	41.0
43	38.588212511891285	40.0	38.0	41.0	35.0	41.0
44	38.535907036340795	40.0	38.0	41.0	34.0	41.0
45	38.47817995163703	40.0	38.0	41.0	34.0	41.0
46	38.405728980260385	40.0	38.0	41.0	34.0	41.0
47	38.34711411436717	40.0	38.0	41.0	34.0	41.0
48	38.27003166950925	40.0	38.0	41.0	34.0	41.0
49	38.18917557384965	40.0	37.0	41.0	34.0	41.0
50	38.1026219944165	40.0	37.0	41.0	34.0	41.0
51	36.92292396337949	39.0	36.0	40.0	31.0	41.0
>>END_MODULE
>>Per sequence quality scores	pass
#Quality	Count
6	34.0
7	649.0
8	2586.0
9	5967.0
10	6316.0
11	3265.0
12	1421.0
13	847.0
14	630.0
15	556.0
16	529.0
17	543.0
18	577.0
19	720.0
20	1051.0
21	1800.0
22	3172.0
23	5330.0
24	8930.0
25	14582.0
26	23271.0
27	35318.0
28	51475.0
29	72521.0
30	100004.0
31	132684.0
32	174735.0
33	228024.0
34	307055.0
35	428218.0
36	629949.0
37	1039530.0
38	2244947.0
39	6948288.0
40	8408.0
>>END_MODULE
>>Per base sequence content	fail
#Base	G	A	T	C
1	21.416232562292155	14.28161316118869	14.909042851347243	49.39311142517192
2	23.973696769852264	22.273262706307168	34.5355117882314	19.217528735609164
3	22.495316379486848	25.47975269330208	25.05249948493792	26.972431442273155
4	25.16081062124401	29.59541120420079	18.493868362773988	26.749909811781215
5	25.720975222615667	33.73965872769686	20.81911539025244	19.72025065943503
6	19.183170815092552	35.52353537331027	22.32920685566054	22.96408695593664
7	17.792254876107943	16.210886121455964	42.13707668385249	23.8597823185836
8	20.994675395540444	21.137338780762345	27.333719856852795	30.53426596684442
9	21.238949395110453	20.82702789473701	30.256444844460862	27.677577865691678
10	20.988369713208346	35.90458440334733	22.46259193162121	20.644453951823117
11	26.310026842192453	24.787524676905175	20.11740935833478	28.785039122567596
12	22.595993213213198	21.608038470100414	27.590999088489127	28.204969228197257
13	21.298917223202547	25.487160644480205	28.823452183012048	24.390469949305192
14	22.898354460758036	25.546069940143855	27.21705789490042	24.338517704197685
15	22.896616226362017	25.363619410935595	26.198941166933626	25.54082319576877
16	23.51086011244632	25.15235784153823	25.742491135223332	25.594290910792118
17	24.442609360790378	25.848210634565216	25.338888141700643	24.370291862943763
18	23.20056492196675	25.671353521629975	25.57616913693189	25.551912419471385
19	23.68833793711789	25.407772166653903	25.374225043840354	25.52966485238785
20	24.20086602085717	25.812455281916574	25.467727521923678	24.51895117530258
21	23.25824740946754	25.70224737101808	26.083425718844722	24.956079500669663
22	23.280899535232226	25.663085698832628	25.71063506033266	25.345379705602483
23	24.1963679142017	26.251809246085582	25.434805821404733	24.11701701830798
24	23.14676177345407	26.023187245813258	25.861371241048094	24.96867973968458
25	23.3925737500012	25.608902707896842	25.565382765622243	25.433140776479718
26	24.179592586116033	26.031389403535005	25.46269086886995	24.32632714147901
27	23.086783858647273	25.64013159681598	25.907544287497846	25.365540257038905
28	23.4876693726994	25.481867893139476	25.615049434014498	25.41541330014662
29	24.31750523862143	25.87209288353366	25.4239081726019	24.386493705243012
30	23.36548411951114	25.866018043341	25.710038585109064	25.058459252038805
31	23.36708925059396	25.686425467814423	25.64541937146259	25.30106591012903
32	24.29779292960122	26.061843920090528	25.350340523506926	24.290022626801328
33	23.28988728536226	25.75592012867387	25.847451142126438	25.106741443837432
34	23.512987714233436	25.374647143516814	25.5856560414766	25.526709100773154
35	24.410450965048764	25.7621810754259	25.315076510167785	24.512291449357555
36	23.541564179027944	25.50359821747623	25.61901198444378	25.335825619052045
37	23.500039070091745	25.643348166610902	25.345045010749285	25.51156775254807
38	24.396053409193353	25.856324061182175	25.27453647591478	24.473086053709693
39	23.412096814257715	25.662845613534635	25.829408380462148	25.0956491917455
40	23.65808097044789	25.238102182809012	25.75534179370418	25.348475053038914
41	24.224044484729447	25.720859220151848	25.656972838391894	24.39812345672681
42	23.32839081316072	25.65053418469645	26.001244842195824	25.019830159947006
43	23.783952520481034	25.304322771141347	25.60966886302137	25.302055845356254
44	24.485322412842365	25.756356250578744	25.40225307218911	24.356068264389776
45	23.585288810833205	25.518304474199166	25.817509914769985	25.078896800197636
46	23.668121130406057	25.336233930060782	25.459112512243802	25.53653242728936
47	24.40063736349649	25.913830967304524	25.339933072347097	24.34559859685189
48	23.469402713259733	25.73889543114386	25.912664594274677	24.87903726132173
49	23.72708374252599	25.525755827570997	25.31569380544527	25.431466624457745
50	24.517805313069086	25.8602829349709	25.4000405964246	24.221871155535414
51	23.546150558982788	25.52151406593197	25.89690271101463	25.035432664070612
>>END_MODULE
>>Per base GC content	fail
#Base	%GC
1	70.80934398746408
2	43.191225505461425
3	49.46774782176001
4	51.910720433025226
5	45.441225882050695
6	42.14725777102919
7	41.652037194691545
8	51.52894136238486
9	48.91652726080212
10	41.63282366503147
11	55.095065964760046
12	50.800962441410455
13	45.689387172507736
14	47.23687216495572
15	48.43743942213079
16	49.105151023238435
17	48.81290122373414
18	48.75247734143813
19	49.218002789505746
20	48.719817196159745
21	48.2143269101372
22	48.62627924083471
23	48.313384932509685
24	48.11544151313865
25	48.825714526480915
26	48.50591972759504
27	48.452324115686174
28	48.903082672846026
29	48.70399894386444
30	48.423943371549946
31	48.66815516072299
32	48.587815556402546
33	48.39662872919969
34	49.039696815006586
35	48.922742414406315
36	48.87738979807999
37	49.01160682263981
38	48.86913946290305
39	48.50774600600322
40	49.00655602348681
41	48.62216794145626
42	48.34822097310772
43	49.08600836583729
44	48.84139067723214
45	48.664185611030845
46	49.20465355769542
47	48.74623596034838
48	48.34843997458147
49	49.15855036698373
50	48.7396764686045
51	48.5815832230534
>>END_MODULE
>>Per sequence GC content	pass
#GC Content	Count
0	44.0
1	29.0
2	14.0
3	13.5
4	13.0
5	18.0
6	23.0
7	25.5
8	28.0
9	28.0
10	28.0
11	40.0
12	52.0
13	127.0
14	202.0
15	415.0
16	628.0
17	748.0
18	868.0
19	1386.0
20	1904.0
21	2665.0
22	3426.0
23	5346.5
24	7267.0
25	11248.5
26	22570.0
27	29910.0
28	41371.0
29	52832.0
30	75903.0
31	98974.0
32	132655.5
33	166337.0
34	216755.0
35	267173.0
36	338153.0
37	409133.0
38	493164.5
39	577196.0
40	682402.0
41	787608.0
42	889690.0
43	991772.0
44	1074461.0
45	1157150.0
46	1213732.5
47	1270315.0
48	1276011.0
49	1281707.0
50	1249858.0
51	1218009.0
52	1145807.5
53	1073606.0
54	985991.0
55	898376.0
56	787514.5
57	676653.0
58	585684.5
59	494716.0
60	429233.0
61	363750.0
62	307740.0
63	251730.0
64	199948.5
65	148167.0
66	119269.0
67	90371.0
68	78859.5
69	67348.0
70	53266.5
71	39185.0
72	29390.0
73	19595.0
74	15785.5
75	8871.0
76	5766.0
77	3927.0
78	2088.0
79	1975.5
80	1863.0
81	1185.5
82	508.0
83	336.0
84	164.0
85	127.5
86	91.0
87	73.5
88	56.0
89	46.5
90	37.0
91	28.0
92	19.0
93	15.5
94	12.0
95	7.5
96	3.0
97	3.0
98	3.0
99	4.5
100	6.0
>>END_MODULE
>>Per base N content	pass
#Base	N-Count
1	0.05221111425470757
2	0.016973818825671273
3	0.0
4	0.01364153537523274
5	0.03756028148823624
6	0.0
7	0.0
8	0.0
9	0.0
10	4.886281021075731E-4
11	0.004806178053517113
12	0.002106708046791668
13	8.81132643144804E-5
14	0.0
15	0.0
16	0.006568443339806721
17	7.449575982951525E-4
18	0.00634415503064259
19	0.0
20	0.0013457298549847917
21	9.612356107034226E-5
22	5.046486956192969E-4
23	0.0011294518425765214
24	0.0
25	0.0
26	0.0013216989647172061
27	0.01982548447075809
28	0.001762265286289608
29	0.005495063574521232
30	0.007033040551646708
31	0.02291745901852077
32	0.0040532101584660985
33	0.03211327969425017
34	0.01217565106891002
35	0.029077377223778535
36	0.022044336672131827
37	0.050921456477013814
38	0.03850549650542794
39	0.03165669277916605
40	0.035373470473885955
41	0.03175281634023639
42	0.0033803452309737027
43	5.206692891310205E-4
44	0.0
45	0.004293519061141954
46	5.126589923751586E-4
47	3.2041187023447416E-5
48	0.0010333282815061793
49	0.0
50	5.927619599337772E-4
51	0.0709792395536919
>>END_MODULE
>>Sequence Length Distribution	pass
#Length	Count
51	1.2483932E7
>>END_MODULE
>>Sequence Duplication Levels	fail
#Total Duplicate Percentage	70.06521775114628
#Duplication Level	Relative count
1	100.0
2	34.11346733390472
3	18.11081312726368
4	12.248057728994443
5	9.295252840830546
6	7.380629821117531
7	6.090851281484144
8	5.284912494124803
9	4.478973706765462
10++	79.47690010782715
>>END_MODULE
>>Overrepresented sequences	pass
>>END_MODULE
>>Kmer Content	warn
#Sequence	Count	Obs/Exp Overall	Obs/Exp Max	Max Obs/Exp Position
GAAGA	1561620	2.9387832	6.7769275	2
AAGAA	1517865	2.6103058	6.1286907	2
CTTGG	1398235	2.608222	9.296246	1
TCTTC	1667835	2.5905495	5.380274	7
CAACA	1608830	2.543661	6.8452363	1
TGATG	1353025	2.516273	5.526853	4
TTGGA	1319770	2.4544277	6.6692104	2
CCAAG	1411845	2.4426994	5.2790084	8
TGAAG	1304650	2.4407096	5.8899217	7
CAAGA	1405190	2.4238496	5.3633337	1
TGTTG	1308940	2.4199235	5.377592	7
CTTCT	1540175	2.3922627	5.516308	1
TCCAA	1477405	2.3220873	8.21524	7
TCTTG	1345430	2.2799296	5.6580377	7
CTTCA	1382905	2.1607337	7.7300825	1
GGAGA	1032745	2.1267636	5.0085125	2
AACAA	1332185	2.0999126	6.439419	2
TCAAG	1199070	2.0561044	5.543715	7
CTTGA	1197205	2.040793	7.3561726	1
ATCAA	1301840	2.039972	6.4410467	6
CTCCA	1289610	2.033058	6.7438674	1
TTGAT	1133905	1.9156872	5.186795	3
TTCAA	1156605	1.8016962	5.2022786	7
ATCCA	1140100	1.7919337	7.488127	6
CTCAA	1129880	1.7758706	6.724259	1
TTGAG	938815	1.7459507	5.131629	7
TTCCA	1116715	1.7448223	5.0610003	6
AAGAT	1002965	1.7146438	5.815515	3
CTTCG	961840	1.6445445	5.4751143	1
CTTTG	965795	1.6366104	6.906636	1
ATTGA	924190	1.5706496	5.794706	6
TTTGA	868730	1.4676846	5.396916	2
CGGCA	773630	1.4647052	5.352023	1
CAATC	885030	1.3910317	5.718623	4
AGATC	751805	1.2891568	5.0613046	4
>>END_MODULE
