##FastQC	0.10.1
>>Basic Statistics	pass
#Measure	Value	
Filename	CS14_fastq-q-filt.txt	
File type	Conventional base calls	
Encoding	Sanger / Illumina 1.9	
Total Sequences	11926017	
Filtered Sequences	0	
Sequence length	50-51	
%GC	48	
>>END_MODULE
>>Per base sequence quality	pass
#Base	Mean	Median	Lower Quartile	Upper Quartile	10th Percentile	90th Percentile
1	32.94650452032728	34.0	31.0	34.0	31.0	34.0
2	33.080885177339596	34.0	33.0	34.0	31.0	34.0
3	33.10518633337517	34.0	33.0	34.0	31.0	34.0
4	36.470721867996666	37.0	37.0	37.0	35.0	37.0
5	36.40615144184349	37.0	37.0	37.0	35.0	37.0
6	36.38899106046889	37.0	37.0	37.0	35.0	37.0
7	36.39047261126661	37.0	37.0	37.0	35.0	37.0
8	36.386876607672114	37.0	37.0	37.0	35.0	37.0
9	38.19757803464476	39.0	38.0	39.0	37.0	39.0
10	38.18110933432344	39.0	38.0	39.0	37.0	39.0
11	38.204475978862014	39.0	38.0	39.0	37.0	39.0
12	38.191513478473155	39.0	38.0	39.0	37.0	39.0
13	38.17081754956412	39.0	38.0	39.0	37.0	39.0
14	39.66508223156147	41.0	39.0	41.0	37.0	41.0
15	39.64315043320834	41.0	39.0	41.0	37.0	41.0
16	39.62042708810494	41.0	39.0	41.0	37.0	41.0
17	39.60055951622407	41.0	39.0	41.0	37.0	41.0
18	39.584918669829165	41.0	39.0	41.0	37.0	41.0
19	39.63949556670932	41.0	39.0	41.0	37.0	41.0
20	39.63811019219577	41.0	39.0	41.0	37.0	41.0
21	39.63126213890187	41.0	39.0	41.0	37.0	41.0
22	39.615963737096806	41.0	39.0	41.0	37.0	41.0
23	39.61645644140873	41.0	39.0	41.0	37.0	41.0
24	39.62472567329059	41.0	39.0	41.0	37.0	41.0
25	39.61550717226044	41.0	39.0	41.0	37.0	41.0
26	39.592895096493656	41.0	39.0	41.0	37.0	41.0
27	39.56471586448351	41.0	39.0	41.0	37.0	41.0
28	39.55172787360608	41.0	39.0	41.0	37.0	41.0
29	39.54203058741238	41.0	39.0	41.0	37.0	41.0
30	39.50756476365915	40.0	39.0	41.0	37.0	41.0
31	39.50163906357001	40.0	39.0	41.0	37.0	41.0
32	39.470396361165676	40.0	39.0	41.0	37.0	41.0
33	39.43767562967586	40.0	39.0	41.0	37.0	41.0
34	39.424775094652304	40.0	39.0	41.0	37.0	41.0
35	39.41215319414688	40.0	39.0	41.0	37.0	41.0
36	39.386056719523374	40.0	39.0	41.0	36.0	41.0
37	39.34826598016756	40.0	39.0	41.0	36.0	41.0
38	39.31474330449135	40.0	39.0	41.0	36.0	41.0
39	39.28425542240968	40.0	39.0	41.0	36.0	41.0
40	39.25599443636547	40.0	39.0	41.0	36.0	41.0
41	39.208481171878255	40.0	39.0	41.0	36.0	41.0
42	39.16565035921045	40.0	39.0	41.0	36.0	41.0
43	39.11354679437402	40.0	38.0	41.0	35.0	41.0
44	39.060588459667635	40.0	38.0	41.0	35.0	41.0
45	39.00623846167585	40.0	38.0	41.0	35.0	41.0
46	38.93842520935531	40.0	38.0	41.0	35.0	41.0
47	38.881813601305446	40.0	38.0	41.0	35.0	41.0
48	38.80707557267443	40.0	38.0	41.0	35.0	41.0
49	38.729371759238646	40.0	38.0	41.0	35.0	41.0
50	38.64720249853744	40.0	38.0	41.0	35.0	41.0
51	37.68872914545567	39.0	36.0	40.0	33.0	41.0
>>END_MODULE
>>Per sequence quality scores	pass
#Quality	Count
27	13.0
28	158.0
29	1697.0
30	11055.0
31	43061.0
32	108094.0
33	193123.0
34	291804.0
35	420957.0
36	625254.0
37	1036082.0
38	2241858.0
39	6944462.0
40	8399.0
>>END_MODULE
>>Per base sequence content	fail
#Base	G	A	T	C
1	21.57600346667145	14.345634726841086	14.799477784799626	49.27888402168784
2	23.75001205469435	22.440004310339408	34.62020165512001	19.18978197984623
3	22.527630138377297	25.54275245457054	24.92774410769329	27.001873299358873
4	25.17913861179232	29.696338165933238	18.461675473490473	26.662847748783967
5	25.66151321575354	33.88066923705939	20.771926392948668	19.685891154238412
6	19.09237593741481	35.66211585980466	22.31336748891101	22.93214071386952
7	17.73442046913064	16.26439070143871	42.144489648136506	23.856699181294143
8	20.972148538778708	21.191861457182227	27.28767701739818	30.548312986640884
9	21.200690892860543	20.897018677736245	30.19659455457761	27.705695874825604
10	20.951060190506183	36.06154510764155	22.416260181416813	20.571134520435447
11	26.238441551777093	24.88579380693487	20.101237487754712	28.77452715353332
12	22.55550197521939	21.66744353961595	27.569632007064893	28.20742247809977
13	21.243571931852856	25.548387194148724	28.844072585172402	24.36396828882602
14	22.8201251096657	25.616113074465684	27.245986652542925	24.317775163325695
15	22.828778459732195	25.415794728449576	26.21424235769578	25.541184454122444
16	23.468834651986835	25.232078096845562	25.740719559497727	25.558367691669876
17	24.35853252943836	25.911542708262058	25.360131062249536	24.369793700050042
18	23.148862692720545	25.719087672098755	25.58182709930734	25.550222535873356
19	23.650058523310843	25.479822810918346	25.394614144856575	25.47550452091423
20	24.10887970417896	25.88356947704983	25.49479245058993	24.512758368181277
21	23.17682496942816	25.769754640446322	26.09285521190326	24.960565178222254
22	23.22588029416438	25.729178763850534	25.737513505173787	25.3074274368113
23	24.11464701217762	26.312268607474508	25.461464395161016	24.111619985186852
24	23.081419387545733	26.086982770525985	25.888542671035935	24.943055170892343
25	23.314749593263198	25.69740593192178	25.586379761155797	25.401464713659223
26	24.056992372222847	26.10780279786621	25.516205452331654	24.31899937757929
27	22.97403324956223	25.71289640375688	25.949325958591622	25.36374438808927
28	23.4034464314448	25.536715233593917	25.652294475179772	25.407543859781516
29	24.188376277960167	25.9532268276737	25.46259879410753	24.395798100258602
30	23.276119764041926	25.925143323206733	25.732245727974394	25.066491184776947
31	23.279591166103486	25.770892327253936	25.675026289162595	25.274490217479983
32	24.189299746931436	26.13431625998856	25.397783685869307	24.2786003072107
33	23.19882192568563	25.81457353795348	25.88806063574389	25.098543900617003
34	23.419956553810046	25.465777887118556	25.610394484596156	25.503871074475242
35	24.28669366902479	25.829205612805506	25.361055359306224	24.523045358863484
36	23.435158611630357	25.575923629825446	25.66224750476207	25.32667025378213
37	23.421367896125137	25.715673358708873	25.385226155674275	25.477732589491715
38	24.284636505191777	25.937559144209445	25.30806559935049	24.46973875124829
39	23.32482451345139	25.704954511313915	25.874468450323945	25.095752524910754
40	23.589094544236733	25.283661890153557	25.79965242310201	25.3275911425077
41	24.10683298539655	25.79571201349118	25.694471171724807	24.402983829387466
42	23.213114655127526	25.724456035908723	26.03675644601211	25.025672862951648
43	23.7055758012084	25.372620213437564	25.63920544470128	25.282598540652764
44	24.39707238384785	25.80891843437755	25.44915037434543	24.34485880742917
45	23.493837045511505	25.58508008164	25.838676902774832	25.082405970073662
46	23.60648152690039	25.404810340283767	25.480996714997133	25.507711417818708
47	24.303621234147162	25.961039632930255	25.38508036673099	24.350258766191597
48	23.4105317810632	25.76583615468601	25.942818964621633	24.880813099629158
49	23.669880732184097	25.565970600243148	25.34767475176331	25.416473915809444
50	24.443399669814323	25.916523513256774	25.435784637905513	24.20429217902339
51	23.517218707849803	25.549480452441635	25.85026603310854	25.083034806600025
>>END_MODULE
>>Per base GC content	fail
#Base	%GC
1	70.85488748835928
2	42.93979403454058
3	49.529503437736174
4	51.841986360576286
5	45.34740436999194
6	42.02451665128433
7	41.59111965042478
8	51.52046152541959
9	48.90638676768614
10	41.52219471094163
11	55.01296870531041
12	50.76292445331916
13	45.60754022067887
14	47.137900272991395
15	48.36996291385464
16	49.02720234365671
17	48.7283262294884
18	48.6990852285939
19	49.125563044225075
20	48.62163807236024
21	48.13739014765041
22	48.53330773097568
23	48.226266997364476
24	48.02447455843808
25	48.71621430692242
26	48.37599174980213
27	48.3377776376515
28	48.81099029122631
29	48.58417437821877
30	48.34261094881887
31	48.55408138358347
32	48.467900054142135
33	48.29736582630263
34	48.92382762828529
35	48.80973902788828
36	48.76182886541248
37	48.899100485616856
38	48.75437525644007
39	48.42057703836214
40	48.91668568674443
41	48.50981681478401
42	48.23878751807917
43	48.98817434186115
44	48.74193119127702
45	48.57624301558517
46	49.1141929447191
47	48.65388000033876
48	48.29134488069236
49	49.08635464799354
50	48.64769184883772
51	48.600253514449825
>>END_MODULE
>>Per sequence GC content	pass
#GC Content	Count
0	24.0
1	14.0
2	4.0
3	3.0
4	2.0
5	4.0
6	6.0
7	6.5
8	7.0
9	8.5
10	10.0
11	24.5
12	39.0
13	107.5
14	176.0
15	381.5
16	587.0
17	695.0
18	803.0
19	1294.5
20	1786.0
21	2511.5
22	3237.0
23	5074.5
24	6912.0
25	10783.5
26	21685.0
27	28743.0
28	39795.0
29	50869.5
30	73115.0
31	95412.5
32	127967.0
33	160568.0
34	209138.5
35	257773.5
36	326082.5
37	394532.0
38	475217.0
39	556046.0
40	657104.0
41	758281.0
42	856306.5
43	954356.0
44	1033155.5
45	1111953.0
46	1166116.0
47	1220123.5
48	1224476.5
49	1228718.0
50	1197531.0
51	1165909.5
52	1094649.5
53	1023332.0
54	939808.0
55	855862.5
56	749108.5
57	642247.5
58	554661.0
59	467054.5
60	403833.0
61	341015.5
62	288373.0
63	235321.5
64	185960.5
65	136904.5
66	109540.5
67	82241.0
68	71664.0
69	61266.0
70	48074.5
71	34808.0
72	25735.5
73	16766.0
74	13417.5
75	7392.0
76	4618.0
77	3019.0
78	1420.0
79	1405.5
80	1391.0
81	804.0
82	217.0
83	109.5
84	2.0
85	2.5
86	3.0
87	3.5
88	4.0
89	2.5
90	1.0
91	0.5
92	0.0
93	0.0
94	0.0
95	0.0
96	0.0
97	0.0
98	0.0
99	0.0
100	0.0
>>END_MODULE
>>Per base N content	pass
#Base	N-Count
1	0.037690705958242386
2	0.01007880501931198
3	0.0
4	0.009835639174420093
5	0.032232051991876245
6	0.0
7	0.0
8	0.0
9	0.0
10	0.0
11	0.0
12	0.0
13	0.0
14	0.0
15	0.0
16	0.006045606005760347
17	6.791873598704412E-4
18	0.004393755266322361
19	0.0
20	0.0013248346032040707
21	7.54652622078268E-5
22	2.683209322944953E-4
23	0.0010397436126411692
24	0.0
25	0.0
26	0.0
27	0.0022304177496979922
28	0.0
29	6.540322724678323E-4
30	0.0
31	0.0
32	0.0
33	9.558933212991396E-4
34	0.0
35	0.0012158292244594318
36	0.0
37	0.0030186104883130724
38	0.006003680860089333
39	0.006238461675847016
40	1.928556700866685E-4
41	0.0
42	0.0
43	0.0
44	0.0
45	0.0
46	0.0
47	0.0
48	0.0
49	0.0
50	0.0
51	0.0
>>END_MODULE
>>Sequence Length Distribution	warn
#Length	Count
50	83694.0
51	1.1842323E7
>>END_MODULE
>>Sequence Duplication Levels	fail
#Total Duplicate Percentage	70.06651518281346
#Duplication Level	Relative count
1	100.0
2	34.61782648300991
3	18.232257708339084
4	12.38026886024236
5	9.342479366218566
6	7.528914897728214
7	6.118364755569051
8	5.252988102796257
9	4.551853589863914
10++	78.01225605211583
>>END_MODULE
>>Overrepresented sequences	pass
>>END_MODULE
>>Kmer Content	warn
#Sequence	Count	Obs/Exp Overall	Obs/Exp Max	Max Obs/Exp Position
GAAGA	1485905	2.9209387	6.7389936	2
CTTGG	1337150	2.6245992	9.201928	1
AAGAA	1461380	2.6107602	6.2034054	2
TCTTC	1592875	2.5882351	5.3499136	7
CAACA	1551365	2.5495505	6.9335275	1
TGATG	1303670	2.5433958	5.61497	4
TTGGA	1263030	2.4641092	6.6510644	2
TGAAG	1251235	2.450348	5.976229	7
CCAAG	1352415	2.4456093	5.2673407	8
CAAGA	1350905	2.428093	5.4257774	1
TGTTG	1242480	2.4148667	5.3576636	7
CTTCT	1463675	2.3783002	5.2661376	1
TCCAA	1421805	2.3278077	8.2669735	7
TCTTG	1287230	2.2875416	5.6081057	7
CTTCA	1324085	2.1596355	7.56515	1
AACAA	1282495	2.0949259	6.489134	2
TCAAG	1149875	2.0589633	5.521957	7
CTTGA	1147015	2.0460887	7.2931137	1
ATCAA	1250865	2.0355458	6.4131255	6
CTCCA	1233880	2.0324347	6.8417325	1
TTGAT	1089060	1.923659	5.195765	3
ATGAA	1042180	1.8548299	5.01687	6
TTCAA	1104700	1.7909039	5.1937084	7
ATCCA	1090885	1.786019	7.503437	6
CTCAA	1088450	1.7820321	6.868083	1
TTCCA	1074945	1.7532783	5.0931315	6
TTGAG	895210	1.7465106	5.067196	7
AAGAT	961290	1.7108651	5.807889	3
CTTCG	923770	1.6578907	5.4928045	1
CTTTG	924485	1.6429061	6.935443	1
ATTGA	884520	1.5682904	5.779822	6
TTTGA	834195	1.4734787	5.4981537	2
CGGCA	733300	1.4591043	5.292065	1
CAATC	851335	1.3938229	5.6833	4
AGATC	712650	1.2760693	5.1757684	4
>>END_MODULE
