##FastQC	0.10.1
>>Basic Statistics	pass
#Measure	Value	
Filename	C6D2PACXX_CS21_15s010317-1-1_Ferrante_lane115s010317_sequence.txt	
File type	Conventional base calls	
Encoding	Sanger / Illumina 1.9	
Total Sequences	13949392	
Filtered Sequences	0	
Sequence length	51	
%GC	47	
>>END_MODULE
>>Per base sequence quality	pass
#Base	Mean	Median	Lower Quartile	Upper Quartile	10th Percentile	90th Percentile
1	32.73953932902595	34.0	31.0	34.0	31.0	34.0
2	32.87902978136968	34.0	31.0	34.0	31.0	34.0
3	32.889270299379355	34.0	31.0	34.0	31.0	34.0
4	36.25692868907835	37.0	37.0	37.0	35.0	37.0
5	36.18075963454178	37.0	37.0	37.0	35.0	37.0
6	36.15695436761688	37.0	37.0	37.0	35.0	37.0
7	36.16179156768983	37.0	37.0	37.0	35.0	37.0
8	36.15564434636291	37.0	37.0	37.0	35.0	37.0
9	37.91898664830696	39.0	38.0	39.0	35.0	39.0
10	37.89906233906109	39.0	38.0	39.0	35.0	39.0
11	37.919875074125095	39.0	38.0	39.0	35.0	39.0
12	37.90775676818029	39.0	38.0	39.0	35.0	39.0
13	37.88523119860708	39.0	38.0	39.0	35.0	39.0
14	39.3335692336985	41.0	39.0	41.0	36.0	41.0
15	39.310912905738114	41.0	39.0	41.0	36.0	41.0
16	39.284003345808905	41.0	39.0	41.0	36.0	41.0
17	39.263458292662506	40.0	39.0	41.0	36.0	41.0
18	39.24475783604045	40.0	39.0	41.0	36.0	41.0
19	39.30488418419957	41.0	39.0	41.0	36.0	41.0
20	39.3052128006726	41.0	39.0	41.0	36.0	41.0
21	39.2952327241216	40.0	39.0	41.0	36.0	41.0
22	39.27475355198277	40.0	39.0	41.0	36.0	41.0
23	39.27304458861003	40.0	39.0	41.0	36.0	41.0
24	39.27999141467958	41.0	39.0	41.0	36.0	41.0
25	39.26418864707508	41.0	39.0	41.0	36.0	41.0
26	39.21717347967567	40.0	39.0	41.0	36.0	41.0
27	39.16930845444733	40.0	39.0	41.0	36.0	41.0
28	39.146946046107246	40.0	39.0	41.0	36.0	41.0
29	39.133282869963075	40.0	39.0	41.0	36.0	41.0
30	39.091559761170956	40.0	39.0	41.0	36.0	41.0
31	39.075815634115095	40.0	39.0	41.0	36.0	41.0
32	39.03798480966052	40.0	39.0	41.0	36.0	41.0
33	38.997379383990356	40.0	39.0	41.0	35.0	41.0
34	38.97733356407218	40.0	39.0	41.0	35.0	41.0
35	38.95875669706608	40.0	39.0	41.0	35.0	41.0
36	38.92995909785889	40.0	38.0	41.0	35.0	41.0
37	38.87996466082536	40.0	38.0	41.0	35.0	41.0
38	38.845937658071406	40.0	38.0	41.0	35.0	41.0
39	38.811767638331474	40.0	38.0	41.0	35.0	41.0
40	38.781598079686916	40.0	38.0	41.0	35.0	41.0
41	38.73881936933165	40.0	38.0	41.0	35.0	41.0
42	38.704506117542614	40.0	38.0	41.0	35.0	41.0
43	38.652450443718266	40.0	38.0	41.0	35.0	41.0
44	38.610903256572044	40.0	38.0	41.0	35.0	41.0
45	38.56025302034669	40.0	38.0	41.0	34.0	41.0
46	38.49954306252201	40.0	38.0	41.0	34.0	41.0
47	38.44834713943088	40.0	38.0	41.0	34.0	41.0
48	38.38446664915575	40.0	38.0	41.0	34.0	41.0
49	38.31244408358443	40.0	38.0	41.0	34.0	41.0
50	38.23932455264	40.0	37.0	41.0	34.0	41.0
51	37.05871302491177	39.0	36.0	40.0	31.0	41.0
>>END_MODULE
>>Per sequence quality scores	pass
#Quality	Count
6	33.0
7	611.0
8	2549.0
9	5791.0
10	6041.0
11	3084.0
12	1293.0
13	743.0
14	594.0
15	565.0
16	486.0
17	534.0
18	569.0
19	685.0
20	1130.0
21	1802.0
22	3309.0
23	5631.0
24	9567.0
25	15662.0
26	24968.0
27	38254.0
28	55744.0
29	79109.0
30	109759.0
31	146753.0
32	193068.0
33	252415.0
34	341046.0
35	473867.0
36	693592.0
37	1131493.0
38	2451637.0
39	7887045.0
40	9963.0
>>END_MODULE
>>Per base sequence content	fail
#Base	G	A	T	C
1	20.111223360133234	14.80609788329903	17.44045691448597	47.64222184208176
2	23.40372123397175	22.243529727411314	34.855009939705	19.497739098911932
3	22.42518526972358	25.80050800780421	25.5451205328519	26.229186189620307
4	24.44283634748746	29.536762680953032	19.342191951187143	26.67820902037236
5	25.366865921401892	33.72673671144849	21.46066225587303	19.445735111276598
6	19.305156812569322	35.61386044639078	22.577285088841148	22.50369765219875
7	17.611369728515765	16.604006826964216	42.64456113929553	23.140062305224486
8	21.067642231288648	21.721047053520326	27.223315539487313	29.987995175703713
9	21.289458350586177	21.539992567417993	30.22850745036056	26.94204163163527
10	20.784469190400525	36.562344862342606	22.581404593275437	20.071781353981436
11	25.782950762601203	25.075680855270733	20.654080744120638	28.487287638007423
12	22.247698135022674	22.195651855987517	28.0651028695422	27.491547139447608
13	21.033872002937482	26.214078387929717	29.18900907833309	23.563040530799714
14	22.481381267369933	26.1353756493473	27.680891038118364	23.702352045164407
15	22.722581744064545	25.82615070248223	26.65176374712245	24.79950380633077
16	23.132988779414518	25.730786243939303	26.303960219292872	24.832264757353315
17	23.957805454054977	26.2606536776672	25.800429570219734	23.98111129805809
18	22.953316795840585	26.266309361998385	26.046845013591778	24.733528828569252
19	23.098741507873605	26.15249467503673	25.945862013197424	24.80290180389224
20	23.820845849588153	26.40023502433187	25.823613894824316	23.955305231255654
21	22.90592022515688	26.37150670083305	26.380109230621997	24.342463843388078
22	22.74528240410876	26.412658567776674	26.200913463947593	24.641145564166965
23	23.56612894530681	26.682264658011277	26.054101042982154	23.69750535369976
24	22.920963150221887	26.52659700150372	26.21107787350158	24.341361974772806
25	22.86638729487278	26.39135813231143	26.06256960876861	24.67968496404718
26	23.583109049602125	26.644111524220598	25.964216926522276	23.808562499654997
27	22.889928685491753	26.316350639452924	26.291706518273255	24.50201415678207
28	22.935157307522296	26.173341876730476	26.304317373917623	24.587183441829602
29	23.743694383610315	26.456073680398053	25.927887349308275	23.872344586683354
30	22.991476974956292	26.376096242031487	26.21186874360766	24.420558039404565
31	22.976032640066542	26.33080334575023	26.141810763621244	24.551353250561984
32	23.702934808019922	26.6224942229868	25.932012729108138	23.742558239885145
33	22.943476484283533	26.399061032190495	26.258168530867053	24.399293952658915
34	23.086831576020632	26.191661919142916	26.044661950259336	24.67684455457712
35	23.85008789089181	26.441479825467397	25.85944872084744	23.84898356279335
36	23.139375975045713	26.354114733244128	26.135509457419083	24.370999834291077
37	23.119239641872028	26.254211414911328	26.031469856873755	24.595079086342892
38	23.845582106768283	26.458427788846695	25.869383963831204	23.826606140553817
39	23.184398525113558	26.32696538342444	26.20281280562165	24.28582328584035
40	23.10680075354125	26.13864324279474	26.201636755624687	24.552919248039323
41	23.807803753189557	26.410171128496895	26.06484343973485	23.717181678578697
42	23.10123433353617	26.321967661401928	26.32839110513629	24.248406899925616
43	23.142930776837986	26.109745252541256	26.201792849177792	24.545531121442966
44	23.910547499131145	26.352940687307374	26.01544210672408	23.7210697068374
45	23.239465598988758	26.233291007038893	26.280556802976836	24.246686590995512
46	23.270360628228293	26.09701373342536	26.06231671154817	24.570308926798173
47	23.945041607198707	26.4439109125138	25.892338366934926	23.718709113352563
48	23.15836599334589	26.288881066894543	26.300336863506118	24.252416076253454
49	23.210294756932775	26.16877495449264	26.067128947268813	24.55380134130577
50	23.943441556267643	26.335227881668523	26.032245435853767	23.68908512621007
51	23.32763597350064	26.215512290693766	26.241188073494865	24.215663662310728
>>END_MODULE
>>Per base GC content	fail
#Base	%GC
1	67.753445202215
2	42.90146033288369
3	48.65437145934389
4	51.12104536785983
5	44.81260103267849
6	41.80885446476807
7	40.75143203374025
8	51.05563740699236
9	48.23149998222145
10	40.856250544381965
11	54.270238400608626
12	49.739245274470285
13	44.596912533737196
14	46.183733312534336
15	47.52208555039532
16	47.96525353676783
17	47.938916752113066
18	47.68684562440984
19	47.901643311765845
20	47.77615108084381
21	47.24838406854496
22	47.38642796827573
23	47.26363429900657
24	47.262325124994696
25	47.546072258919956
26	47.391671549257126
27	47.39194284227383
28	47.5223407493519
29	47.616038970293665
30	47.41203501436085
31	47.52738589062853
32	47.44549304790507
33	47.34277043694245
34	47.76367613059775
35	47.69907145368516
36	47.51037580933679
37	47.71431872821491
38	47.6721882473221
39	47.47022181095391
40	47.659720001580574
41	47.52498543176825
42	47.34964123346178
43	47.688461898280956
44	47.631617205968546
45	47.486152189984274
46	47.840669555026466
47	47.66375072055127
48	47.410782069599335
49	47.76409609823855
50	47.63252668247771
51	47.54329963581137
>>END_MODULE
>>Per sequence GC content	pass
#GC Content	Count
0	232.0
1	144.5
2	57.0
3	49.5
4	42.0
5	42.5
6	43.0
7	47.0
8	51.0
9	55.5
10	60.0
11	79.0
12	98.0
13	191.0
14	284.0
15	507.5
16	731.0
17	1087.0
18	1443.0
19	2269.5
20	3096.0
21	4077.0
22	5058.0
23	7479.0
24	9900.0
25	14300.5
26	26494.0
27	34287.0
28	48197.0
29	62107.0
30	89640.5
31	117174.0
32	161382.0
33	205590.0
34	273418.5
35	341247.0
36	434237.0
37	527227.0
38	642408.5
39	757590.0
40	887687.0
41	1017784.0
42	1140187.5
43	1262591.0
44	1346146.5
45	1429702.0
46	1468537.5
47	1507373.0
48	1486469.0
49	1465565.0
50	1401229.0
51	1336893.0
52	1236528.0
53	1136163.0
54	1018914.0
55	901665.0
56	774589.5
57	647514.0
58	548086.5
59	448659.0
60	370593.5
61	292528.0
62	235586.0
63	178644.0
64	138328.5
65	98013.0
66	78072.5
67	58132.0
68	47301.0
69	36470.0
70	29274.0
71	22078.0
72	16858.5
73	11639.0
74	9110.0
75	5078.5
76	3576.0
77	2422.5
78	1269.0
79	1041.5
80	814.0
81	581.0
82	348.0
83	245.0
84	142.0
85	114.5
86	87.0
87	72.0
88	57.0
89	44.5
90	32.0
91	26.0
92	20.0
93	16.0
94	12.0
95	11.0
96	10.0
97	9.0
98	8.0
99	6.5
100	5.0
>>END_MODULE
>>Per base N content	pass
#Base	N-Count
1	0.05145027109425271
2	0.016473836279029222
3	0.0
4	0.013756871984097946
5	0.03774358050874189
6	0.0
7	0.0
8	0.0
9	0.0
10	6.236830967256494E-4
11	0.00491777706153788
12	0.0019212306887640695
13	1.7921928066829006E-4
14	0.0
15	0.0
16	0.006609607071046537
17	7.240458938998918E-4
18	0.006344362535657468
19	0.0
20	0.0014194167028928571
21	5.0181398587121214E-5
22	5.23320299551407E-4
23	0.0011470033962770565
24	0.0
25	0.0
26	0.001225859879771104
27	0.020509854479679113
28	0.0015627921274274893
29	0.005132840198339827
30	0.007584559957882035
31	0.023958033439737014
32	0.0041220434553706714
33	0.0338222626477197
34	0.012688725071314936
35	0.030546134197103357
36	0.02330567525810444
37	0.051794372113135825
38	0.038983777930966454
39	0.031929707043862554
40	0.03655356448510444
41	0.03344948654392966
42	0.0034983603586450215
43	6.236830967256494E-4
44	0.0
45	0.0044159630756666676
46	4.8747644341774895E-4
47	2.1506313680194806E-5
48	8.745900896612554E-4
49	0.0
50	4.946452146444805E-4
51	0.07302827248671484
>>END_MODULE
>>Sequence Length Distribution	pass
#Length	Count
51	1.3949392E7
>>END_MODULE
>>Sequence Duplication Levels	fail
#Total Duplicate Percentage	62.0230458320973
#Duplication Level	Relative count
1	100.0
2	37.505034601442645
3	19.152234142531093
4	12.065956330172213
5	8.486202140773559
6	6.568781809527296
7	5.135903726215322
8	4.406039080712289
9	3.6395591519900408
10++	47.14217714474022
>>END_MODULE
>>Overrepresented sequences	pass
>>END_MODULE
>>Kmer Content	warn
#Sequence	Count	Obs/Exp Overall	Obs/Exp Max	Max Obs/Exp Position
GAAGA	1809305	2.9498732	6.4866953	2
TCTTC	1955125	2.7076123	5.5274596	7
AAGAA	1783295	2.5548234	5.598219	2
CAACA	1768215	2.4705622	5.978576	1
CTTCT	1776045	2.459608	5.729733	1
TGTTG	1471855	2.3785253	5.189118	7
CTTGG	1355485	2.3145092	8.13371	1
CAAGA	1513640	2.28454	5.0822315	1
TTGGA	1386070	2.246523	5.631183	2
TCTTG	1462995	2.1886191	5.24375	7
TCCAA	1534790	2.138094	7.4227815	7
CTTCA	1506900	2.0930488	7.318773	1
CTCCA	1380560	2.0261502	7.047638	1
AACAA	1523490	2.0205142	5.4515104	2
ATCAA	1499600	1.9829639	6.280307	6
TCAAG	1302115	1.9594878	5.2027	7
CTTGA	1291060	1.9371208	6.5902853	1
CTCCT	1310780	1.9180646	5.5107207	1
CTTTG	1155170	1.7281175	6.796396	1
CTCAA	1237880	1.7244729	6.443269	1
ATCCA	1219800	1.6992861	7.1403184	6
AAGAT	1187915	1.696837	5.4827404	3
TTTGA	1120605	1.5912611	5.32316	2
ATTGA	1079855	1.5379324	5.6031675	6
CAATC	1074665	1.4971005	5.899853	4
>>END_MODULE
