##FastQC	0.10.1
>>Basic Statistics	pass
#Measure	Value	
Filename	C6D2PACXX_CS20_15s010316-1-1_Ferrante_lane115s010316_sequence.txt	
File type	Conventional base calls	
Encoding	Sanger / Illumina 1.9	
Total Sequences	9334521	
Filtered Sequences	0	
Sequence length	51	
%GC	47	
>>END_MODULE
>>Per base sequence quality	pass
#Base	Mean	Median	Lower Quartile	Upper Quartile	10th Percentile	90th Percentile
1	32.72631311237074	34.0	31.0	34.0	31.0	34.0
2	32.85261418341659	34.0	31.0	34.0	31.0	34.0
3	32.871060764660555	34.0	31.0	34.0	31.0	34.0
4	36.24318773293241	37.0	37.0	37.0	35.0	37.0
5	36.16773640554239	37.0	37.0	37.0	35.0	37.0
6	36.14814825527737	37.0	37.0	37.0	35.0	37.0
7	36.153011814960834	37.0	37.0	37.0	35.0	37.0
8	36.148022592696506	37.0	37.0	37.0	35.0	37.0
9	37.91285230383005	39.0	38.0	39.0	35.0	39.0
10	37.89376134029802	39.0	38.0	39.0	35.0	39.0
11	37.913037851647665	39.0	38.0	39.0	35.0	39.0
12	37.90295163511872	39.0	38.0	39.0	35.0	39.0
13	37.87923408174881	39.0	38.0	39.0	35.0	39.0
14	39.332960630759736	41.0	39.0	41.0	36.0	41.0
15	39.30964716882634	41.0	39.0	41.0	36.0	41.0
16	39.28435342316976	41.0	39.0	41.0	36.0	41.0
17	39.2649381794738	40.0	39.0	41.0	36.0	41.0
18	39.246425285239596	40.0	39.0	41.0	36.0	41.0
19	39.307583431436925	41.0	39.0	41.0	36.0	41.0
20	39.305082178292814	41.0	39.0	41.0	36.0	41.0
21	39.29647113119141	41.0	39.0	41.0	36.0	41.0
22	39.275146094802295	40.0	39.0	41.0	36.0	41.0
23	39.27309649847057	40.0	39.0	41.0	36.0	41.0
24	39.28118668328027	41.0	39.0	41.0	36.0	41.0
25	39.265242533601885	41.0	39.0	41.0	36.0	41.0
26	39.216996994275334	40.0	39.0	41.0	36.0	41.0
27	39.17029111616975	40.0	39.0	41.0	36.0	41.0
28	39.150122968280854	40.0	39.0	41.0	36.0	41.0
29	39.13467589820624	40.0	39.0	41.0	36.0	41.0
30	39.09355884463702	40.0	39.0	41.0	36.0	41.0
31	39.07792183444656	40.0	39.0	41.0	36.0	41.0
32	39.03927657348459	40.0	39.0	41.0	36.0	41.0
33	38.99923059790642	40.0	39.0	41.0	35.0	41.0
34	38.97867785609996	40.0	39.0	41.0	35.0	41.0
35	38.95974855056837	40.0	39.0	41.0	35.0	41.0
36	38.9319592296166	40.0	39.0	41.0	35.0	41.0
37	38.88247324099437	40.0	38.0	41.0	35.0	41.0
38	38.85005090245124	40.0	38.0	41.0	35.0	41.0
39	38.818253662935675	40.0	38.0	41.0	35.0	41.0
40	38.7880206172336	40.0	38.0	41.0	35.0	41.0
41	38.74352138690352	40.0	38.0	41.0	35.0	41.0
42	38.71019594899406	40.0	38.0	41.0	35.0	41.0
43	38.661106445633365	40.0	38.0	41.0	35.0	41.0
44	38.618777117754625	40.0	38.0	41.0	35.0	41.0
45	38.56764926663082	40.0	38.0	41.0	35.0	41.0
46	38.50998310464993	40.0	38.0	41.0	34.0	41.0
47	38.46027717972888	40.0	38.0	41.0	34.0	41.0
48	38.39698566214592	40.0	38.0	41.0	34.0	41.0
49	38.325847464481576	40.0	38.0	41.0	34.0	41.0
50	38.25217008992748	40.0	38.0	41.0	34.0	41.0
51	37.08720008236095	39.0	36.0	40.0	31.0	41.0
>>END_MODULE
>>Per sequence quality scores	pass
#Quality	Count
6	36.0
7	560.0
8	2098.0
9	4895.0
10	5162.0
11	2551.0
12	1113.0
13	682.0
14	532.0
15	493.0
16	509.0
17	458.0
18	524.0
19	659.0
20	931.0
21	1429.0
22	2372.0
23	4144.0
24	6829.0
25	10892.0
26	16981.0
27	25246.0
28	37187.0
29	53144.0
30	71947.0
31	96856.0
32	127431.0
33	166945.0
34	224845.0
35	311654.0
36	456521.0
37	743764.0
38	1623751.0
39	5324772.0
40	6608.0
>>END_MODULE
>>Per base sequence content	fail
#Base	G	A	T	C
1	23.265271604701407	14.473043501748231	16.37108606831268	45.890598825237674
2	23.741502386071488	22.056712405150204	34.34033571936911	19.861449489409203
3	22.409462681588053	25.58827603473172	25.525091217856815	26.477170065823408
4	24.906109493709135	29.431882614473988	19.153695426611975	26.508312465204902
5	25.48785008588142	33.795225728223755	21.289622028511967	19.42730215738286
6	19.463794660700852	35.88189474317964	22.550069789333595	22.104240806785906
7	17.77130288742186	17.231318029066518	42.194205787313564	22.80317329619806
8	20.88010729206137	21.928002518822336	27.71515538933385	29.476734799782445
9	21.53465614357716	21.61591366070096	30.064713550914934	26.78471664480695
10	20.841310945169166	36.55249968503789	22.7910549902426	19.815134379550344
11	25.611652116377176	25.6030170780916	20.71900299805101	28.066327807480214
12	22.199886504940313	22.358033953599442	28.047056847269225	27.395022694191024
13	21.150074787032114	26.25212303682701	29.10547167680861	23.49233049933226
14	22.37299589341542	26.18558574135727	27.728900068894806	23.712518296332505
15	22.709799463732523	25.888227151666378	26.711986613989087	24.68998677061201
16	23.190766848042458	25.85283190933982	26.30122166172908	24.655179580888646
17	23.787635602584235	26.413201169089202	25.917713809689403	23.881449418637164
18	22.858148102555663	26.330631246520074	26.176761967696883	24.634458683227383
19	23.11496219248958	26.2464137152833	26.02704520135527	24.61157889087185
20	23.69084049813566	26.497436097962325	25.8920948898189	23.919628514083115
21	22.872585398420977	26.40818570999595	26.398436940081808	24.32079195150126
22	22.83874806443298	26.476178518468206	26.230005032956328	24.455068384142482
23	23.44398724762623	26.74811362121199	26.100178275691288	23.70772085547049
24	22.86360489199178	26.5114192790396	26.275809974609306	24.34916585435932
25	22.926918263936628	26.493989354140403	26.089855065942857	24.489237315980112
26	23.44585685384948	26.76774007210316	26.006705945018023	23.779697129029344
27	22.772228001837426	26.414007058476358	26.40562783676033	24.40813710292588
28	22.921193612904034	26.285679514114648	26.34772967854437	24.445397194436953
29	23.571805609167562	26.58699485035474	25.972930695290497	23.868268845187202
30	22.891954541188532	26.4657676842002	26.308993581614885	24.333284192996388
31	22.99728416796904	26.445667554084917	26.162672391577008	24.39437588636903
32	23.551123480125565	26.75273623733766	26.013487996724262	23.682652285812512
33	22.879115089845158	26.422746541029053	26.335235444073273	24.36290292505252
34	23.161293785741126	26.256878490808305	26.046394716701908	24.535433006748658
35	23.71528807723896	26.52958786342929	25.963408026692775	23.79171603263898
36	23.032934608797515	26.430753012561368	26.242247256074336	24.29406512256678
37	23.1489592764449	26.379198669712277	26.049585030018612	24.42225702382421
38	23.711155806101853	26.608357887058897	25.94650311829546	23.73398318854378
39	23.05182060476894	26.443501578561524	26.26102477421603	24.243653042453506
40	23.127233795837356	26.254285405027712	26.186715592712105	24.431765206422828
41	23.68504105095767	26.512704187162317	26.117642368802024	23.684612393077987
42	23.028498976076673	26.389924358769022	26.358577252778627	24.222999412375678
43	23.175845983229458	26.242053105566637	26.178375105415803	24.4037258057881
44	23.76324398434585	26.47548813699171	26.03069830792603	23.73056957073641
45	23.13125874209783	26.320163905763614	26.327534694129422	24.221042658009136
46	23.29997560653959	26.237646726342977	26.06773882906462	24.394638838052813
47	23.810718045568283	26.586169035597873	25.917939638882302	23.68517327995154
48	23.05661528302285	26.36918211227411	26.378577443940564	24.195625160762482
49	23.194452077401724	26.287304940446326	26.14640858379343	24.371834398358523
50	23.760914392085073	26.4778138305531	26.116036228754	23.645235548607825
51	23.217557819859078	26.3073443967922	26.310624925759267	24.164472857589452
>>END_MODULE
>>Per base GC content	fail
#Base	%GC
1	69.15587042993909
2	43.60295187548069
3	48.88663274741146
4	51.41442195891403
5	44.91515224326428
6	41.568035467486766
7	40.574476183619915
8	50.35684209184381
9	48.31937278838411
10	40.65644532471951
11	53.677979923857386
12	49.59490919913134
13	44.64240528636438
14	46.085514189747926
15	47.39978623434454
16	47.8459464289311
17	47.6690850212214
18	47.49260678578304
19	47.726541083361425
20	47.61046901221878
21	47.19337734992224
22	47.29381644857546
23	47.15170810309672
24	47.2127707463511
25	47.41615557991674
26	47.22555398287882
27	47.18036510476331
28	47.36659080734099
29	47.440074454354765
30	47.22523873418491
31	47.39166005433807
32	47.23377576593808
33	47.242018014897674
34	47.696726792489784
35	47.50700410987794
36	47.326999731364296
37	47.57121630026911
38	47.44513899464564
39	47.295473647222444
40	47.55899900226019
41	47.369653444035656
42	47.25149838845235
43	47.579571789017564
44	47.49381355508226
45	47.35230140010696
46	47.6946144445924
47	47.49589132551982
48	47.25224044378533
49	47.56628647576024
50	47.4061499406929
51	47.382030677448526
>>END_MODULE
>>Per sequence GC content	pass
#GC Content	Count
0	135.0
1	84.0
2	33.0
3	25.5
4	18.0
5	18.0
6	18.0
7	18.5
8	19.0
9	20.5
10	22.0
11	44.0
12	66.0
13	102.0
14	138.0
15	268.0
16	398.0
17	580.0
18	762.0
19	1171.0
20	1580.0
21	2155.0
22	2730.0
23	4188.5
24	5647.0
25	8285.5
26	16133.5
27	21343.0
28	30562.5
29	39782.0
30	58046.5
31	76311.0
32	105181.5
33	134052.0
34	180300.0
35	226548.0
36	290059.5
37	353571.0
38	432456.0
39	511341.0
40	602250.5
41	693160.0
42	776528.5
43	859897.0
44	917178.5
45	974460.0
46	998829.5
47	1023199.0
48	1009614.5
49	996030.0
50	947448.0
51	898866.0
52	828801.0
53	758736.0
54	676503.5
55	594271.0
56	510087.5
57	425904.0
58	357899.0
59	289894.0
60	237428.5
61	184963.0
62	147787.5
63	110612.0
64	84724.0
65	58836.0
66	46551.5
67	34267.0
68	27272.5
69	20278.0
70	16172.5
71	12067.0
72	9284.5
73	6502.0
74	5112.0
75	2821.5
76	1921.0
77	1270.5
78	620.0
79	503.0
80	386.0
81	304.5
82	223.0
83	168.0
84	113.0
85	87.5
86	62.0
87	51.0
88	40.0
89	32.5
90	25.0
91	18.0
92	11.0
93	9.5
94	8.0
95	6.5
96	5.0
97	4.0
98	3.0
99	2.5
100	2.0
>>END_MODULE
>>Per base N content	pass
#Base	N-Count
1	0.05146487966549113
2	0.01721566644930147
3	0.0
4	0.014023215545821794
5	0.038909334501470404
6	0.0
7	0.0
8	0.0
9	0.0
10	6.963399621683855E-4
11	0.004895805580168495
12	0.0020783069640102586
13	1.6069383742347358E-4
14	0.0
15	0.0
16	0.007252648529046107
17	8.03469187117368E-4
18	0.0066848636368165015
19	0.0
20	0.0012426990094081957
21	1.0712922494898238E-4
22	5.035073572602172E-4
23	0.0010927180944796204
24	0.0
25	0.0
26	0.0012534119319030938
27	0.02048310781024543
28	0.001478383304295957
29	0.005142202797551155
30	0.007595462048882852
31	0.023632707023745515
32	0.004756537587734817
33	0.03356358617651618
34	0.013498282343571779
35	0.030606819567924267
36	0.02335417103887816
37	0.05152915720046052
38	0.03880220527652142
39	0.03132458537508245
40	0.036756037079995856
41	0.03288867205933759
42	0.0034924127333368256
43	6.106365822091996E-4
44	0.0
45	0.004038771780576636
46	5.570719697347085E-4
47	2.1425844989796476E-5
48	0.0010498664045000274
49	0.0
50	6.106365822091996E-4
51	0.0723872172980274
>>END_MODULE
>>Sequence Length Distribution	pass
#Length	Count
51	9334521.0
>>END_MODULE
>>Sequence Duplication Levels	fail
#Total Duplicate Percentage	54.96472248353716
#Duplication Level	Relative count
1	100.0
2	34.402840879419294
3	16.472922868034885
4	9.835500548331506
5	6.787821818371716
6	4.999738889759256
7	3.92814246174735
8	3.2753668598882446
9	2.653924486918377
10++	26.531933782442948
>>END_MODULE
>>Overrepresented sequences	pass
>>END_MODULE
>>Kmer Content	warn
#Sequence	Count	Obs/Exp Overall	Obs/Exp Max	Max Obs/Exp Position
GAAGA	1222175	2.936104	6.2248774	2
TCTTC	1309835	2.7383096	5.4571705	7
AAGAA	1197470	2.521051	5.5917897	2
CTTCT	1180255	2.4674127	5.553477	1
CAACA	1168225	2.4384117	5.5515924	1
TTGGA	928455	2.2328305	5.7067723	2
CTTGG	864975	2.2125382	7.482627	1
TCTTG	952725	2.1367917	5.0415516	7
TCCAA	1018985	2.1280253	7.263832	7
CTTCA	992980	2.0748084	6.7408733	1
AACAA	1021880	2.0053406	5.260653	2
CTCCA	902015	2.003619	6.7689843	1
ATCAA	1007380	1.977926	6.0742908	6
CTCCT	855950	1.9022965	5.396709	1
CTTGA	846850	1.8983341	6.111893	1
CTTTG	788615	1.7687224	6.3741255	1
CTCAA	817290	1.7068099	5.7760453	1
ATCCA	811240	1.6941754	6.795419	6
AAGAT	790740	1.6656321	5.1095066	3
TTTGA	769730	1.6230829	5.0672283	2
ATTGA	732885	1.5445774	5.6234365	6
CAATC	739265	1.5438644	5.8795924	4
>>END_MODULE
