##FastQC	0.10.1
>>Basic Statistics	pass
#Measure	Value	
Filename	CS21_fastq-q-filt.txt	
File type	Conventional base calls	
Encoding	Sanger / Illumina 1.9	
Total Sequences	13340027	
Filtered Sequences	0	
Sequence length	50-51	
%GC	47	
>>END_MODULE
>>Per base sequence quality	pass
#Base	Mean	Median	Lower Quartile	Upper Quartile	10th Percentile	90th Percentile
1	32.94250049119091	34.0	31.0	34.0	31.0	34.0
2	33.087828682805515	34.0	33.0	34.0	31.0	34.0
3	33.106531493526965	34.0	33.0	34.0	31.0	34.0
4	36.46847326470928	37.0	37.0	37.0	35.0	37.0
5	36.403463426273426	37.0	37.0	37.0	35.0	37.0
6	36.38698369950826	37.0	37.0	37.0	35.0	37.0
7	36.386649592238456	37.0	37.0	37.0	35.0	37.0
8	36.384618936678315	37.0	37.0	37.0	35.0	37.0
9	38.19457524336345	39.0	38.0	39.0	37.0	39.0
10	38.1771679322688	39.0	38.0	39.0	37.0	39.0
11	38.20188932151337	39.0	38.0	39.0	37.0	39.0
12	38.190292043636795	39.0	38.0	39.0	37.0	39.0
13	38.16965887700227	39.0	38.0	39.0	37.0	39.0
14	39.660048589107056	41.0	39.0	41.0	37.0	41.0
15	39.63935485287998	41.0	39.0	41.0	37.0	41.0
16	39.61574912854374	41.0	39.0	41.0	37.0	41.0
17	39.59750516247081	41.0	39.0	41.0	37.0	41.0
18	39.5817423757838	41.0	39.0	41.0	37.0	41.0
19	39.63872172072815	41.0	39.0	41.0	37.0	41.0
20	39.641629286057665	41.0	39.0	41.0	37.0	41.0
21	39.63419841653994	41.0	39.0	41.0	37.0	41.0
22	39.6180027221834	41.0	39.0	41.0	37.0	41.0
23	39.62015774031042	41.0	39.0	41.0	37.0	41.0
24	39.63021274244797	41.0	39.0	41.0	37.0	41.0
25	39.61889732307139	41.0	39.0	41.0	37.0	41.0
26	39.59871962777886	41.0	39.0	41.0	37.0	41.0
27	39.571013761816225	41.0	39.0	41.0	37.0	41.0
28	39.55640592031785	41.0	39.0	41.0	37.0	41.0
29	39.54772108032465	41.0	39.0	41.0	37.0	41.0
30	39.5159830636025	40.0	39.0	41.0	37.0	41.0
31	39.51116058460751	40.0	39.0	41.0	37.0	41.0
32	39.479312897942414	40.0	39.0	41.0	37.0	41.0
33	39.45085980710534	40.0	39.0	41.0	37.0	41.0
34	39.43460166909707	40.0	39.0	41.0	37.0	41.0
35	39.425151238449516	40.0	39.0	41.0	37.0	41.0
36	39.40130076198496	40.0	39.0	41.0	37.0	41.0
37	39.36529318868695	40.0	39.0	41.0	36.0	41.0
38	39.33657840422662	40.0	39.0	41.0	36.0	41.0
39	39.30731676929889	40.0	39.0	41.0	36.0	41.0
40	39.28255557503744	40.0	39.0	41.0	36.0	41.0
41	39.245166820127125	40.0	39.0	41.0	36.0	41.0
42	39.21003285825434	40.0	39.0	41.0	36.0	41.0
43	39.15905657462312	40.0	38.0	41.0	36.0	41.0
44	39.116868728976335	40.0	38.0	41.0	35.0	41.0
45	39.07035263122031	40.0	38.0	41.0	35.0	41.0
46	39.01262471207892	40.0	38.0	41.0	35.0	41.0
47	38.964042426600784	40.0	38.0	41.0	35.0	41.0
48	38.904028380152454	40.0	38.0	41.0	35.0	41.0
49	38.83502619597397	40.0	38.0	41.0	35.0	41.0
50	38.76583698068977	40.0	38.0	41.0	35.0	41.0
51	37.807434829805715	39.0	36.0	41.0	33.0	41.0
>>END_MODULE
>>Per sequence quality scores	pass
#Quality	Count
27	10.0
28	165.0
29	1910.0
30	11878.0
31	47623.0
32	118631.0
33	212639.0
34	324212.0
35	465386.0
36	688537.0
37	1127708.0
38	2448269.0
39	7883108.0
40	9951.0
>>END_MODULE
>>Per base sequence content	fail
#Base	G	A	T	C
1	20.249172428589414	14.892250925995848	17.331144723816532	47.52743192159821
2	23.19382467613571	22.407155204611882	34.92434007763537	19.47468004161704
3	22.486678625163204	25.879227980573056	25.376890166714055	26.25720322754969
4	24.469226399079133	29.64395132433068	19.29780763367569	26.589014642914492
5	25.311804735391707	33.876077460960204	21.39755919239638	19.41455861125171
6	19.214136523111986	35.75128446141826	22.546393646729502	22.488185368740258
7	17.579289757059712	16.653601975468266	42.62280728517266	23.144300982299363
8	21.06167401310357	21.775945430995005	27.163063463064958	29.99931709283647
9	21.254019950634284	21.61826958820998	30.160306272243677	26.967404188912063
10	20.742881554887408	36.70874129415181	22.526880942594794	20.021496208365996
11	25.724588113652242	25.174431805872654	20.622964256369197	28.478015824105903
12	22.212691173713516	22.253335769110514	28.04415613251757	27.4898169246584
13	20.99809842963586	26.27473692519513	29.19015081453733	23.53701383063168
14	22.428148008995784	26.20143872272522	27.69503390060605	23.675379367672946
15	22.681220960047533	25.875419892328555	26.651490285589375	24.791868862034537
16	23.09143204603504	25.811829154443632	26.304466322603805	24.792272476917518
17	23.883306195524014	26.329659577852578	25.809941980985368	23.97709224563804
18	22.900572797315153	26.331659301044542	26.03589743743519	24.731870464205116
19	23.05331915744998	26.233020367949777	25.9510194394659	24.762641035134337
20	23.744121841259222	26.478613063761063	25.82449021724309	23.952774877736623
21	22.827458605390603	26.43644815578265	26.395488703092095	24.34060453573465
22	22.699169249502958	26.463221175794338	26.215927063191817	24.62168251151088
23	23.49266129355688	26.734495837108042	26.08085452011018	23.6919883492249
24	22.85746498114284	26.5952610140894	26.223140327976846	24.32413367679091
25	22.794106788539484	26.4783572027253	26.066124154021576	24.661411854713638
26	23.486354263001115	26.721632572407838	26.0022712097959	23.789741954795144
27	22.79810970545109	26.39124359431832	26.325530071095944	24.485116629134644
28	22.852045202007464	26.2390398460213	26.330359001522265	24.578555950448976
29	23.623975799551392	26.542741866929013	25.951673765910705	23.881608567608886
30	22.904916159465046	26.454459200120063	26.216873474094164	24.423751166320727
31	22.89790717814889	26.414991513885244	26.161011518192577	24.52608978977329
32	23.603767818460938	26.691707595494375	25.966431702124744	23.73809288391995
33	22.8628946866364	26.466314663840052	26.291312761645457	24.379477887878092
34	22.998829012864817	26.268612499809784	26.06342550880894	24.669132978516462
35	23.727200578536504	26.532026143888842	25.88843651889483	23.85233675867983
36	23.051902368713346	26.433394774988088	26.14157377642489	24.373129079873674
37	23.0410953769575	26.340322496008156	26.044521241107372	24.574060885926972
38	23.75330453014499	26.543226073042707	25.90175889764233	23.80171049916997
39	23.09473238826746	26.403564957835478	26.233389528708518	24.26831312518854
40	23.019079148978022	26.217533002978712	26.224429550566985	24.53895829747628
41	23.715581685104535	26.488364678722164	26.08006715428687	23.715986481886432
42	23.015433177159235	26.372345423288873	26.355239011135435	24.256982388416457
43	23.077337099842453	26.182765597101117	26.211483679905594	24.52841362315084
44	23.83071638460702	26.420493751624342	26.045404555777885	23.703385307990757
45	23.170073044080045	26.299879303092865	26.289631947521546	24.240415705305544
46	23.197681683852664	26.169797107607053	26.086221564619024	24.54629964392126
47	23.842560438595815	26.514466574917726	25.92085458297798	23.72211840350848
48	23.101572433099275	26.33191821875623	26.305598931696316	24.260910416448183
49	23.16043288368157	26.20912986158124	26.087308518940777	24.54312873579641
50	23.879839223713713	26.394204449511232	26.037353597560188	23.688602729214868
51	23.29125795060632	26.261278306302234	26.184149036876743	24.263314706214704
>>END_MODULE
>>Per base GC content	fail
#Base	%GC
1	67.77660435018763
2	42.668504717752754
3	48.74388185271289
4	51.058241041993625
5	44.726363346643424
6	41.70232189185224
7	40.723590739359075
8	51.06099110594005
9	48.22142413954634
10	40.7643777632534
11	54.20260393775814
12	49.702508098371915
13	44.53511226026754
14	46.10352737666873
15	47.47308982208207
16	47.88370452295256
17	47.860398441162054
18	47.632443261520265
19	47.81596019258431
20	47.696896718995845
21	47.16806314112525
22	47.32085176101384
23	47.18464964278178
24	47.18159865793375
25	47.45551864325312
26	47.27609621779626
27	47.283226334585734
28	47.43060115245644
29	47.50558436716028
30	47.32866732578577
31	47.42399696792218
32	47.34186070238089
33	47.24237257451449
34	47.667961991381276
35	47.57953733721633
36	47.42503144858702
37	47.615156262884476
38	47.55501502931496
39	47.363045513456
40	47.55803744645431
41	47.43156816699097
42	47.27241556557569
43	47.60575072299329
44	47.53410169259777
45	47.410488749385586
46	47.74398132777392
47	47.56467884210429
48	47.362482849547455
49	47.70356161947798
50	47.56844195292858
51	47.55457265682102
>>END_MODULE
>>Per sequence GC content	pass
#GC Content	Count
0	131.0
1	69.0
2	7.0
3	5.0
4	3.0
5	6.5
6	10.0
7	10.0
8	10.0
9	14.5
10	19.0
11	43.5
12	68.0
13	147.5
14	227.0
15	439.5
16	652.0
17	988.0
18	1324.0
19	2103.0
20	2882.0
21	3796.5
22	4711.0
23	7044.5
24	9378.0
25	13630.5
26	25363.5
27	32877.5
28	46297.5
29	59754.5
30	86363.0
31	113016.5
32	155626.0
33	198335.5
34	263699.5
35	329171.5
36	418805.5
37	508529.5
38	619217.0
39	730164.0
40	855103.5
41	980113.0
42	1097643.5
43	1215244.5
44	1294834.0
45	1374329.5
46	1411192.0
47	1447712.0
48	1426845.5
49	1405834.5
50	1341308.5
51	1276437.0
52	1180881.0
53	1085163.0
54	972325.0
55	858898.5
56	736427.5
57	614101.0
58	518644.0
59	423165.0
60	348304.0
61	273621.0
62	219715.0
63	165791.5
64	127465.0
65	89369.5
66	70587.0
67	51976.0
68	41968.5
69	31993.5
70	25392.0
71	18822.0
72	14083.5
73	9425.0
74	7270.5
75	3882.5
76	2615.0
77	1660.5
78	706.0
79	575.0
80	444.0
81	277.0
82	110.0
83	56.5
84	3.0
85	1.5
86	0.0
87	0.0
88	0.0
89	0.0
90	0.0
91	0.0
92	0.0
93	0.0
94	0.0
95	0.0
96	0.0
97	0.0
98	0.0
99	0.0
100	0.0
>>END_MODULE
>>Per base N content	pass
#Base	N-Count
1	0.03691146951951446
2	0.00945275448093171
3	0.0
4	0.009662649108581264
5	0.03206140437346941
6	0.0
7	0.0
8	0.0
9	0.0
10	0.0
11	0.0
12	0.0
13	0.0
14	0.0
15	0.0
16	0.0059819968880122955
17	6.746613031592815E-4
18	0.004340321050324711
19	0.0
20	0.0013343301329150233
21	3.748118350884897E-5
22	3.0734570477256154E-4
23	0.0010644656116513107
24	0.0
25	0.0
26	0.0
27	0.002301344667443327
28	0.0
29	8.170898004929075E-4
30	0.0
31	0.0
32	0.0
33	0.0012893527127044045
34	0.0
35	0.001199397872283167
36	0.0
37	0.0024512694014787225
38	0.005719628603450353
39	0.006379297433206094
40	1.424284973336261E-4
41	0.0
42	0.0
43	0.0
44	0.0
45	0.0
46	0.0
47	0.0
48	0.0
49	0.0
50	0.0
51	0.0
>>END_MODULE
>>Sequence Length Distribution	warn
#Length	Count
50	92138.0
51	1.3247889E7
>>END_MODULE
>>Sequence Duplication Levels	fail
#Total Duplicate Percentage	61.66054072093034
#Duplication Level	Relative count
1	100.0
2	37.459047112443635
3	18.998513002164007
4	11.904445277270694
5	8.417858481327901
6	6.44365728931175
7	5.148881124799013
8	4.2820701911336245
9	3.626823990231754
10++	45.5069695467679
>>END_MODULE
>>Overrepresented sequences	pass
>>END_MODULE
>>Kmer Content	warn
#Sequence	Count	Obs/Exp Overall	Obs/Exp Max	Max Obs/Exp Position
GAAGA	1724145	2.9352598	6.386497	2
TCTTC	1863375	2.6953459	5.5054684	7
AAGAA	1713485	2.5487137	5.528907	2
CAACA	1700415	2.467472	5.9718156	1
CTTCT	1690005	2.4445684	5.5028195	1
TGTTG	1405345	2.3849127	5.1329618	7
CTTGG	1292265	2.3197787	8.236505	1
CAAGA	1455230	2.287266	5.0147243	1
TTGGA	1327825	2.2557526	5.810291	2
TCTTG	1398445	2.1910253	5.300286	7
TCCAA	1475465	2.1387753	7.4267225	7
CTTCA	1446340	2.0943327	7.282687	1
CTCCA	1321300	2.0238674	6.993371	1
AACAA	1467095	2.014704	5.384028	2
ATCAA	1448590	1.9871813	6.208095	6
TCAAG	1252315	1.966245	5.2942133	7
CTTGA	1237300	1.9406086	6.757806	1
CTCCT	1245370	1.9055395	5.479092	1
CTTTG	1105260	1.7316751	6.6931624	1
CTCAA	1189790	1.7246723	6.5210896	1
AAGAT	1144565	1.7006704	5.4565167	3
ATCCA	1173110	1.7004937	7.1243	6
TTTGA	1075860	1.5951934	5.360412	2
ATTGA	1038035	1.5407445	5.6385417	6
CAATC	1027425	1.4893143	5.9184046	4
>>END_MODULE
