##FastQC	0.10.1
>>Basic Statistics	pass
#Measure	Value	
Filename	CL11_fastq-q-filt.txt	
File type	Conventional base calls	
Encoding	Sanger / Illumina 1.9	
Total Sequences	12451907	
Filtered Sequences	0	
Sequence length	50-51	
%GC	48	
>>END_MODULE
>>Per base sequence quality	pass
#Base	Mean	Median	Lower Quartile	Upper Quartile	10th Percentile	90th Percentile
1	32.94404206520335	34.0	31.0	34.0	31.0	34.0
2	33.07830696133532	34.0	33.0	34.0	31.0	34.0
3	33.10513184847911	34.0	33.0	34.0	31.0	34.0
4	36.46995797511176	37.0	37.0	37.0	35.0	37.0
5	36.40595878205644	37.0	37.0	37.0	35.0	37.0
6	36.38821073751996	37.0	37.0	37.0	35.0	37.0
7	36.38880108886133	37.0	37.0	37.0	35.0	37.0
8	36.38594224964899	37.0	37.0	37.0	35.0	37.0
9	38.19529354017822	39.0	38.0	39.0	37.0	39.0
10	38.179025590216824	39.0	38.0	39.0	37.0	39.0
11	38.20237221495471	39.0	38.0	39.0	37.0	39.0
12	38.19029880322749	39.0	38.0	39.0	37.0	39.0
13	38.169220264815664	39.0	38.0	39.0	37.0	39.0
14	39.66184986765481	41.0	39.0	41.0	37.0	41.0
15	39.64098583453924	41.0	39.0	41.0	37.0	41.0
16	39.618581394801616	41.0	39.0	41.0	37.0	41.0
17	39.59828932227008	41.0	39.0	41.0	37.0	41.0
18	39.582943560371916	41.0	39.0	41.0	37.0	41.0
19	39.63595929523084	41.0	39.0	41.0	37.0	41.0
20	39.6340148541103	41.0	39.0	41.0	37.0	41.0
21	39.62774207998823	41.0	39.0	41.0	37.0	41.0
22	39.612566733754115	41.0	39.0	41.0	37.0	41.0
23	39.61342363061337	41.0	39.0	41.0	37.0	41.0
24	39.62051756409681	41.0	39.0	41.0	37.0	41.0
25	39.61047139205264	41.0	39.0	41.0	37.0	41.0
26	39.58812469447451	41.0	39.0	41.0	37.0	41.0
27	39.5580238432555	41.0	39.0	41.0	37.0	41.0
28	39.54497780942309	41.0	39.0	41.0	37.0	41.0
29	39.53566558118367	40.0	39.0	41.0	37.0	41.0
30	39.49964395011945	40.0	39.0	41.0	37.0	41.0
31	39.49461395752474	40.0	39.0	41.0	37.0	41.0
32	39.46209869701083	40.0	39.0	41.0	37.0	41.0
33	39.4296944235128	40.0	39.0	41.0	37.0	41.0
34	39.41583413689164	40.0	39.0	41.0	37.0	41.0
35	39.402779269071	40.0	39.0	41.0	37.0	41.0
36	39.37683601395352	40.0	39.0	41.0	36.0	41.0
37	39.33842438752554	40.0	39.0	41.0	36.0	41.0
38	39.30461647360521	40.0	39.0	41.0	36.0	41.0
39	39.27368884139594	40.0	39.0	41.0	36.0	41.0
40	39.244254715362075	40.0	39.0	41.0	36.0	41.0
41	39.198675030258414	40.0	39.0	41.0	36.0	41.0
42	39.15259060319034	40.0	38.0	41.0	36.0	41.0
43	39.10091859825166	40.0	38.0	41.0	35.0	41.0
44	39.04551214524811	40.0	38.0	41.0	35.0	41.0
45	38.98863595752843	40.0	38.0	41.0	35.0	41.0
46	38.92080482130167	40.0	38.0	41.0	35.0	41.0
47	38.86283056884379	40.0	38.0	41.0	35.0	41.0
48	38.78569258507954	40.0	38.0	41.0	35.0	41.0
49	38.70754897221767	40.0	38.0	41.0	35.0	41.0
50	38.622670085794894	40.0	38.0	41.0	35.0	41.0
51	37.665104296707455	39.0	36.0	40.0	33.0	41.0
>>END_MODULE
>>Per sequence quality scores	pass
#Quality	Count
27	6.0
28	174.0
29	1777.0
30	11615.0
31	44851.0
32	113461.0
33	202598.0
34	305899.0
35	440529.0
36	655420.0
37	1087859.0
38	2368956.0
39	7210563.0
40	8199.0
>>END_MODULE
>>Per base sequence content	fail
#Base	G	A	T	C
1	22.824274365802914	14.060411076957486	15.047624985006852	48.067689572232744
2	23.46314880629681	22.008690239543803	34.70442342830753	19.823737525851858
3	22.997585831632055	25.21032320591537	24.555772862743034	27.236318099709543
4	25.690939608473577	29.645567212774527	18.236166549965972	26.427326628785924
5	25.711638793665237	33.658504960841555	20.686055337258818	19.943800908234394
6	19.408681738467852	35.43535138834557	22.267609290689368	22.888357582497203
7	17.80003657271131	16.413445747707563	41.864238144406315	23.922279535174813
8	21.025116875672136	21.281198132944617	27.141690023865422	30.551994967517825
9	21.199363278251276	21.004461404988007	30.03516650100262	27.7610088157581
10	21.043041840900354	35.898396928277734	22.449388675967462	20.60917255485445
11	26.236551557926024	24.82174818684399	20.013087152032213	28.928613103197765
12	22.632228139834325	21.54269221573852	27.4562844068784	28.368795237548756
13	21.36072811979723	25.446849225584483	28.757249793144133	24.43517286147415
14	22.77184530851379	25.488055765273543	27.249890318005104	24.49020860820756
15	22.864015929447593	25.282657507801815	26.195304863744965	25.658021699005623
16	23.60077782485962	25.16221015085215	25.654944466093525	25.58206755819471
17	24.30664017953342	25.867534994047464	25.343274788802162	24.482550037616953
18	23.262836991790227	25.58236320651713	25.495047576657974	25.659752225034673
19	23.743431427812624	25.392054405803062	25.352534354777944	25.511979811606366
20	24.086883048703182	25.803040257801037	25.480756836797458	24.62931985669832
21	23.21895640175045	25.6435986189737	26.033892501055462	25.103552478220394
22	23.336516523987928	25.589431689239856	25.675250145219188	25.39880164155303
23	24.112121416789414	26.20060879615111	25.38338473023993	24.303885056819556
24	23.157127659241272	25.92398899220818	25.815234566078914	25.103648782471634
25	23.439791190216887	25.57988105757616	25.487927270899146	25.492400481307804
26	24.069967756746014	25.947005547021835	25.453538963951466	24.529487732280685
27	23.063289409002397	25.58609744691483	25.876003010366265	25.474610133716514
28	23.49091588942963	25.52176144585725	25.543822323761333	25.44350034095179
29	24.186986320072084	25.84847837504879	25.383445954085428	24.5810893507937
30	23.34150102470248	25.72052618125079	25.697011710736355	25.24096108331037
31	23.42462082313978	25.59286702028854	25.581310557491317	25.401201599080363
32	24.233974763865486	25.927924132424053	25.34455164176861	24.493549461941853
33	23.254478756534606	25.636049522871506	25.827909611652373	25.281562108941515
34	23.542032557743966	25.36996140430538	25.506840036630535	25.58116600132012
35	24.28806129007362	25.695294448430055	25.306384915392137	24.710259346104188
36	23.454632290459607	25.464645696438303	25.602793210710615	25.477928802391475
37	23.553900040131463	25.58296029490883	25.344741473308964	25.518398191650743
38	24.236136181196922	25.784227309726248	25.285135053193645	24.694501455883184
39	23.407097929941102	25.534605590913888	25.788286090500474	25.270010388644533
40	23.67064526043322	25.1779750330211	25.684862061469076	25.466517645076607
41	24.109905414487915	25.619521572077275	25.66028641235435	24.61028660108046
42	23.31298330448501	25.545291978168482	25.926237643760107	25.215487073586402
43	23.872102481973243	25.210652472749757	25.50675972764654	25.410485317630467
44	24.42906134779195	25.6587605416584	25.359786256032912	24.552391854516742
45	23.513795918970484	25.448069922141244	25.763788630930186	25.274345527958086
46	23.741648568367882	25.252364959038005	25.376570833688366	25.62941563890575
47	24.306276942158338	25.87851001457046	25.313423879571218	24.501789163699986
48	23.476002511101314	25.615514153775802	25.86682505739884	25.04165827772405
49	23.765275471459912	25.45704043565375	25.286841605868084	25.490842487018256
50	24.462469885134862	25.751854715908173	25.36573715174712	24.419938247209846
51	23.56265320296356	25.33926770247177	25.75832610867647	25.339752985888204
>>END_MODULE
>>Per base GC content	fail
#Base	%GC
1	70.89196393803566
2	43.28688633214867
3	50.23390393134161
4	52.118266237259505
5	45.65543970189963
6	42.297039320965055
7	41.72231610788613
8	51.57711184318996
9	48.96037209400937
10	41.652214395754804
11	55.16516466112379
12	51.00102337738308
13	45.79590098127138
14	47.26205391672135
15	48.52203762845322
16	49.18284538305433
17	48.78919021715038
18	48.9225892168249
19	49.25541123941899
20	48.7162029054015
21	48.32250887997084
22	48.73531816554096
23	48.41600647360897
24	48.260776441712906
25	48.93219167152469
26	48.5994554890267
27	48.53789954271891
28	48.934416230381416
29	48.768075670865784
30	48.582462108012855
31	48.82582242222014
32	48.727524225807336
33	48.536040865476124
34	49.123198559064086
35	48.99832063617781
36	48.93256109285108
37	49.072298231782206
38	48.9306376370801
39	48.67710831858563
40	49.137162905509825
41	48.72019201556838
42	48.52847037807141
43	49.282587799603704
44	48.981453202308685
45	48.78814144692857
46	49.37106420727363
47	48.80806610585832
48	48.51766078882535
49	49.25611795847817
50	48.88240813234471
51	48.902406188851764
>>END_MODULE
>>Per sequence GC content	pass
#GC Content	Count
0	28.0
1	16.5
2	5.0
3	2.5
4	0.0
5	4.0
6	8.0
7	6.0
8	4.0
9	12.0
10	20.0
11	31.0
12	42.0
13	108.5
14	175.0
15	385.0
16	595.0
17	745.5
18	896.0
19	1289.0
20	1682.0
21	2316.0
22	2950.0
23	4930.0
24	6910.0
25	10854.0
26	21483.5
27	28215.0
28	39089.0
29	49955.5
30	71128.5
31	92349.0
32	124421.5
33	156553.5
34	204949.0
35	253424.5
36	321888.5
37	390513.0
38	475046.0
39	559656.0
40	662975.5
41	766433.5
42	871455.5
43	976613.0
44	1059892.0
45	1143136.0
46	1209962.5
47	1276655.0
48	1284964.5
49	1293108.0
50	1264684.0
51	1235848.0
52	1163471.0
53	1090841.0
54	1001427.5
55	911875.5
56	801044.5
57	689865.0
58	597330.0
59	504828.5
60	437697.0
61	370924.5
62	311553.5
63	251889.5
64	200785.0
65	149964.0
66	120365.5
67	90829.0
68	78499.0
69	66300.5
70	51730.5
71	37121.0
72	27761.0
73	18516.5
74	14584.0
75	7740.5
76	4732.0
77	3126.0
78	1520.0
79	1433.0
80	1346.0
81	774.0
82	202.0
83	102.5
84	3.0
85	1.5
86	0.0
87	0.0
88	0.0
89	0.0
90	0.0
91	0.0
92	0.0
93	0.0
94	0.0
95	0.0
96	0.0
97	0.0
98	0.0
99	0.5
100	1.0
>>END_MODULE
>>Per base N content	pass
#Base	N-Count
1	0.036572711312411826
2	0.00929174944849813
3	0.0
4	0.010062715694873083
5	0.03227618066855141
6	0.0
7	0.0
8	0.0
9	0.0
10	0.0
11	0.0
12	0.0
13	0.0
14	0.0
15	0.0
16	0.006223946259797796
17	6.023173799804319E-4
18	0.00424031435506224
19	0.0
20	0.0010761403855650384
21	6.424718719791274E-5
22	3.212359359895637E-4
23	9.637078079686911E-4
24	0.0
25	0.0
26	0.0
27	0.0021362189743305985
28	0.0
29	6.98688160777301E-4
30	0.0
31	0.0
32	0.0
33	0.0010038622999673865
34	0.0
35	0.0013491909311561675
36	0.0
37	0.0026501964719139004
38	0.005637690676616843
39	0.006521089500588143
40	1.6061796799478185E-4
41	0.0
42	0.0
43	0.0
44	0.0
45	0.0
46	0.0
47	0.0
48	0.0
49	0.0
50	0.0
51	0.0
>>END_MODULE
>>Sequence Length Distribution	warn
#Length	Count
50	87998.0
51	1.2363909E7
>>END_MODULE
>>Sequence Duplication Levels	fail
#Total Duplicate Percentage	72.44241738768278
#Duplication Level	Relative count
1	100.0
2	35.90552814449334
3	19.89005941532945
4	13.421048732423582
5	9.974663288438459
6	8.106266020654607
7	6.919441110666607
8	5.925234475707872
9	5.094012535004667
10++	91.09955401460935
>>END_MODULE
>>Overrepresented sequences	pass
>>END_MODULE
>>Kmer Content	warn
#Sequence	Count	Obs/Exp Overall	Obs/Exp Max	Max Obs/Exp Position
GAAGA	1548575	2.935312	6.6415014	2
CTTGG	1416245	2.6461163	9.017642	1
AAGAA	1516250	2.634445	6.122954	2
TCTTC	1663535	2.5891414	5.275877	7
CAACA	1634305	2.5881767	6.683688	1
TGATG	1336460	2.5041094	5.3340344	4
CCAAG	1426985	2.4653807	5.2187796	8
TGTTG	1321285	2.4613962	5.410075	7
TTGGA	1313330	2.4607708	6.6716876	2
TGAAG	1303485	2.456494	5.932181	7
CAAGA	1402385	2.4297338	5.356208	1
CTTCT	1547890	2.4091504	5.199547	1
TCCAA	1475995	2.3239853	8.04623	7
TCTTG	1353025	2.3038821	5.563158	7
CTTCA	1373270	2.1497705	7.2296443	1
AACAA	1330955	2.1137378	6.406391	2
TCAAG	1213330	2.0900564	5.540883	7
ATCAA	1309750	2.068063	6.4656553	6
CTTGA	1204550	2.0629637	7.1028194	1
CTCCA	1293645	2.0311255	6.5041847	1
TTGAT	1125805	1.9224031	5.032134	3
CTCCT	1225390	1.912862	5.0916247	1
CTCAA	1151670	1.8133289	6.691046	1
TTCAA	1148700	1.803307	5.18208	7
ATCCA	1138840	1.7931278	7.3988624	6
TTGAG	946605	1.7736425	5.091494	7
TTCCA	1131690	1.7715917	5.1902637	6
AAGAT	1005110	1.7362792	5.800823	3
CTTCG	962035	1.6429743	5.2555637	1
CTTTG	941745	1.6035694	6.3747635	1
ATTGA	925685	1.5898527	5.8610377	6
CGGCA	779100	1.4684577	5.127916	1
TTTGA	838665	1.4320884	5.1417804	2
CAATC	877650	1.3818785	5.4367895	4
AGATC	749715	1.2914432	5.1403027	4
>>END_MODULE
